name, nr_of_swaps, nr_of_comparison, time_secondsselectSort, 100, 99, 4950, 0.000000
insertionSort, 100, 2577, 2478, 0.000000
heapSort, 100, 586, 1272, 0.000000
quickSort, 100, 406, 599, 0.000000
selectSort, 100, 99, 4950, 0.000000
insertionSort, 100, 2809, 2710, 0.000000
heapSort, 100, 582, 1264, 0.000000
quickSort, 100, 309, 617, 0.000000
selectSort, 100, 99, 4950, 0.000000
insertionSort, 100, 2822, 2723, 0.000000
heapSort, 100, 581, 1262, 0.000000
quickSort, 100, 297, 683, 0.000000
selectSort, 100, 99, 4950, 0.000000
insertionSort, 100, 2998, 2899, 0.000000
heapSort, 100, 585, 1270, 0.000000
quickSort, 100, 331, 617, 0.000000
selectSort, 100, 99, 4950, 0.000000
insertionSort, 100, 2677, 2578, 0.000000
heapSort, 100, 576, 1252, 0.000000
quickSort, 100, 346, 624, 0.000000
selectSort, 100, 99, 4950, 0.000000
insertionSort, 100, 2718, 2619, 0.000000
heapSort, 100, 591, 1282, 0.000000
quickSort, 100, 380, 595, 0.000000
selectSort, 100, 99, 4950, 0.000000
insertionSort, 100, 2773, 2674, 0.000000
heapSort, 100, 586, 1272, 0.000000
quickSort, 100, 385, 622, 0.000000
selectSort, 100, 99, 4950, 0.000000
insertionSort, 100, 2598, 2499, 0.000000
heapSort, 100, 585, 1270, 0.000000
quickSort, 100, 295, 578, 0.000000
selectSort, 100, 99, 4950, 0.000000
insertionSort, 100, 2479, 2380, 0.000000
heapSort, 100, 586, 1272, 0.000000
quickSort, 100, 357, 779, 0.000000
selectSort, 100, 99, 4950, 0.000000
insertionSort, 100, 2771, 2672, 0.000000
heapSort, 100, 580, 1260, 0.000000
quickSort, 100, 347, 718, 0.000000
selectSort, 200, 199, 19900, 0.000000
insertionSort, 200, 10218, 10019, 0.000000
heapSort, 200, 1353, 2906, 0.000000
quickSort, 200, 860, 1715, 0.000000
selectSort, 200, 199, 19900, 0.000000
insertionSort, 200, 10439, 10240, 0.000000
heapSort, 200, 1346, 2892, 0.000000
quickSort, 200, 1035, 1621, 0.000000
selectSort, 200, 199, 19900, 0.000000
insertionSort, 200, 10160, 9961, 0.000000
heapSort, 200, 1367, 2934, 0.000000
quickSort, 200, 981, 1661, 0.000000
selectSort, 200, 199, 19900, 0.000000
insertionSort, 200, 10908, 10709, 0.000000
heapSort, 200, 1359, 2918, 0.000000
quickSort, 200, 864, 1369, 0.000000
selectSort, 200, 199, 19900, 0.000000
insertionSort, 200, 9627, 9428, 0.000000
heapSort, 200, 1380, 2960, 0.000000
quickSort, 200, 939, 1519, 0.000000
selectSort, 200, 199, 19900, 0.000000
insertionSort, 200, 10209, 10010, 0.000000
heapSort, 200, 1364, 2928, 0.000000
quickSort, 200, 698, 1683, 0.000000
selectSort, 200, 199, 19900, 0.000000
insertionSort, 200, 10928, 10729, 0.000000
heapSort, 200, 1341, 2882, 0.000000
quickSort, 200, 841, 1560, 0.000000
selectSort, 200, 199, 19900, 0.000000
insertionSort, 200, 10637, 10438, 0.000000
heapSort, 200, 1362, 2924, 0.000000
quickSort, 200, 1089, 1703, 0.000000
selectSort, 200, 199, 19900, 0.000000
insertionSort, 200, 10172, 9973, 0.000000
heapSort, 200, 1365, 2930, 0.000000
quickSort, 200, 831, 1400, 0.000000
selectSort, 200, 199, 19900, 0.000000
insertionSort, 200, 10365, 10166, 0.000000
heapSort, 200, 1360, 2920, 0.000000
quickSort, 200, 943, 1631, 0.000000
selectSort, 300, 299, 44850, 0.000000
insertionSort, 300, 23317, 23018, 0.000000
heapSort, 300, 2210, 4720, 0.000000
quickSort, 300, 1891, 3280, 0.000000
selectSort, 300, 299, 44850, 0.001000
insertionSort, 300, 22467, 22168, 0.000000
heapSort, 300, 2214, 4728, 0.000000
quickSort, 300, 1217, 2431, 0.000000
selectSort, 300, 299, 44850, 0.000000
insertionSort, 300, 22868, 22569, 0.000000
heapSort, 300, 2215, 4730, 0.000000
quickSort, 300, 1246, 2282, 0.000000
selectSort, 300, 299, 44850, 0.000000
insertionSort, 300, 24173, 23874, 0.000000
heapSort, 300, 2204, 4708, 0.000000
quickSort, 300, 1328, 2387, 0.000000
selectSort, 300, 299, 44850, 0.000000
insertionSort, 300, 21309, 21010, 0.000000
heapSort, 300, 2234, 4768, 0.000000
quickSort, 300, 1572, 2504, 0.000000
selectSort, 300, 299, 44850, 0.000000
insertionSort, 300, 21169, 20870, 0.001000
heapSort, 300, 2222, 4744, 0.000000
quickSort, 300, 1320, 2503, 0.000000
selectSort, 300, 299, 44850, 0.000000
insertionSort, 300, 22142, 21843, 0.000000
heapSort, 300, 2209, 4718, 0.000000
quickSort, 300, 1520, 2435, 0.000000
selectSort, 300, 299, 44850, 0.000000
insertionSort, 300, 23650, 23351, 0.000000
heapSort, 300, 2217, 4734, 0.000000
quickSort, 300, 1183, 2339, 0.000000
selectSort, 300, 299, 44850, 0.000000
insertionSort, 300, 22717, 22418, 0.000000
heapSort, 300, 2200, 4700, 0.000000
quickSort, 300, 1478, 2476, 0.000000
selectSort, 300, 299, 44850, 0.001000
insertionSort, 300, 21665, 21366, 0.000000
heapSort, 300, 2214, 4728, 0.000000
quickSort, 300, 1677, 2753, 0.000000
selectSort, 400, 399, 79800, 0.000000
insertionSort, 400, 38826, 38427, 0.000000
heapSort, 400, 3127, 6654, 0.000000
quickSort, 400, 2288, 4182, 0.000000
selectSort, 400, 399, 79800, 0.000000
insertionSort, 400, 40905, 40506, 0.000000
heapSort, 400, 3126, 6652, 0.000000
quickSort, 400, 1849, 3560, 0.000000
selectSort, 400, 399, 79800, 0.001000
insertionSort, 400, 40283, 39884, 0.000000
heapSort, 400, 3118, 6636, 0.000000
quickSort, 400, 1859, 3467, 0.000000
selectSort, 400, 399, 79800, 0.000000
insertionSort, 400, 41798, 41399, 0.000000
heapSort, 400, 3113, 6626, 0.000000
quickSort, 400, 1964, 3508, 0.000000
selectSort, 400, 399, 79800, 0.000000
insertionSort, 400, 42389, 41990, 0.000000
heapSort, 400, 3110, 6620, 0.001000
quickSort, 400, 2299, 3806, 0.000000
selectSort, 400, 399, 79800, 0.000000
insertionSort, 400, 38112, 37713, 0.000000
heapSort, 400, 3147, 6694, 0.000000
quickSort, 400, 2036, 3629, 0.000000
selectSort, 400, 399, 79800, 0.000000
insertionSort, 400, 40228, 39829, 0.000000
heapSort, 400, 3095, 6590, 0.000000
quickSort, 400, 2477, 3598, 0.000000
selectSort, 400, 399, 79800, 0.001000
insertionSort, 400, 42413, 42014, 0.000000
heapSort, 400, 3092, 6584, 0.000000
quickSort, 400, 2087, 3470, 0.000000
selectSort, 400, 399, 79800, 0.000000
insertionSort, 400, 41964, 41565, 0.000000
heapSort, 400, 3125, 6650, 0.000000
quickSort, 400, 1877, 3767, 0.000000
selectSort, 400, 399, 79800, 0.000000
insertionSort, 400, 42484, 42085, 0.000000
heapSort, 400, 3083, 6566, 0.001000
quickSort, 400, 2434, 4241, 0.000000
selectSort, 500, 499, 124750, 0.000000
insertionSort, 500, 63738, 63239, 0.000000
heapSort, 500, 4027, 8554, 0.000000
quickSort, 500, 2805, 4816, 0.000000
selectSort, 500, 499, 124750, 0.000000
insertionSort, 500, 64755, 64256, 0.001000
heapSort, 500, 4038, 8576, 0.000000
quickSort, 500, 2656, 4653, 0.000000
selectSort, 500, 499, 124750, 0.000000
insertionSort, 500, 64461, 63962, 0.000000
heapSort, 500, 4038, 8576, 0.000000
quickSort, 500, 2626, 4550, 0.000000
selectSort, 500, 499, 124750, 0.001000
insertionSort, 500, 60737, 60238, 0.000000
heapSort, 500, 4050, 8600, 0.000000
quickSort, 500, 2478, 4536, 0.000000
selectSort, 500, 499, 124750, 0.000000
insertionSort, 500, 60219, 59720, 0.000000
heapSort, 500, 4052, 8604, 0.000000
quickSort, 500, 2610, 4397, 0.000000
selectSort, 500, 499, 124750, 0.001000
insertionSort, 500, 65259, 64760, 0.000000
heapSort, 500, 4024, 8548, 0.000000
quickSort, 500, 2564, 4824, 0.000000
selectSort, 500, 499, 124750, 0.000000
insertionSort, 500, 63352, 62853, 0.000000
heapSort, 500, 4049, 8598, 0.001000
quickSort, 500, 2859, 4573, 0.000000
selectSort, 500, 499, 124750, 0.000000
insertionSort, 500, 61930, 61431, 0.000000
heapSort, 500, 4029, 8558, 0.000000
quickSort, 500, 2916, 4489, 0.000000
selectSort, 500, 499, 124750, 0.000000
insertionSort, 500, 64632, 64133, 0.001000
heapSort, 500, 4031, 8562, 0.000000
quickSort, 500, 3080, 4953, 0.000000
selectSort, 500, 499, 124750, 0.000000
insertionSort, 500, 63770, 63271, 0.000000
heapSort, 500, 4045, 8590, 0.000000
quickSort, 500, 3028, 5258, 0.000000
selectSort, 600, 599, 179700, 0.001000
insertionSort, 600, 94268, 93669, 0.000000
heapSort, 600, 4983, 10566, 0.000000
quickSort, 600, 3016, 5873, 0.000000
selectSort, 600, 599, 179700, 0.001000
insertionSort, 600, 90986, 90387, 0.000000
heapSort, 600, 5031, 10662, 0.000000
quickSort, 600, 3485, 5651, 0.000000
selectSort, 600, 599, 179700, 0.000000
insertionSort, 600, 91359, 90760, 0.001000
heapSort, 600, 5002, 10604, 0.000000
quickSort, 600, 3589, 5720, 0.000000
selectSort, 600, 599, 179700, 0.000000
insertionSort, 600, 86034, 85435, 0.000000
heapSort, 600, 5039, 10678, 0.001000
quickSort, 600, 3716, 6985, 0.000000
selectSort, 600, 599, 179700, 0.000000
insertionSort, 600, 88037, 87438, 0.000000
heapSort, 600, 5040, 10680, 0.000000
quickSort, 600, 3234, 5871, 0.000000
selectSort, 600, 599, 179700, 0.001000
insertionSort, 600, 90510, 89911, 0.000000
heapSort, 600, 5007, 10614, 0.000000
quickSort, 600, 3210, 6189, 0.000000
selectSort, 600, 599, 179700, 0.001000
insertionSort, 600, 91740, 91141, 0.000000
heapSort, 600, 5007, 10614, 0.000000
quickSort, 600, 2886, 5445, 0.000000
selectSort, 600, 599, 179700, 0.000000
insertionSort, 600, 91745, 91146, 0.001000
heapSort, 600, 4998, 10596, 0.000000
quickSort, 600, 3049, 5895, 0.000000
selectSort, 600, 599, 179700, 0.000000
insertionSort, 600, 91796, 91197, 0.000000
heapSort, 600, 5045, 10690, 0.000000
quickSort, 600, 3782, 5815, 0.001000
selectSort, 600, 599, 179700, 0.000000
insertionSort, 600, 91353, 90754, 0.000000
heapSort, 600, 5044, 10688, 0.000000
quickSort, 600, 3375, 6423, 0.000000
selectSort, 700, 699, 244650, 0.001000
insertionSort, 700, 119134, 118435, 0.000000
heapSort, 700, 6047, 12794, 0.000000
quickSort, 700, 3943, 7059, 0.000000
selectSort, 700, 699, 244650, 0.001000
insertionSort, 700, 125662, 124963, 0.000000
heapSort, 700, 6005, 12710, 0.000000
quickSort, 700, 4392, 6926, 0.000000
selectSort, 700, 699, 244650, 0.001000
insertionSort, 700, 125356, 124657, 0.000000
heapSort, 700, 6053, 12806, 0.000000
quickSort, 700, 3707, 6689, 0.000000
selectSort, 700, 699, 244650, 0.000000
insertionSort, 700, 121792, 121093, 0.000000
heapSort, 700, 5999, 12698, 0.000000
quickSort, 700, 3834, 6915, 0.001000
selectSort, 700, 699, 244650, 0.000000
insertionSort, 700, 125452, 124753, 0.000000
heapSort, 700, 6005, 12710, 0.000000
quickSort, 700, 3614, 6463, 0.001000
selectSort, 700, 699, 244650, 0.001000
insertionSort, 700, 122145, 121446, 0.000000
heapSort, 700, 6046, 12792, 0.000000
quickSort, 700, 5038, 8495, 0.000000
selectSort, 700, 699, 244650, 0.000000
insertionSort, 700, 128725, 128026, 0.000000
heapSort, 700, 6040, 12780, 0.001000
quickSort, 700, 3802, 7072, 0.000000
selectSort, 700, 699, 244650, 0.000000
insertionSort, 700, 127650, 126951, 0.001000
heapSort, 700, 6025, 12750, 0.000000
quickSort, 700, 4648, 7946, 0.000000
selectSort, 700, 699, 244650, 0.000000
insertionSort, 700, 118888, 118189, 0.001000
heapSort, 700, 6037, 12774, 0.000000
quickSort, 700, 3748, 6808, 0.000000
selectSort, 700, 699, 244650, 0.000000
insertionSort, 700, 123987, 123288, 0.001000
heapSort, 700, 6004, 12708, 0.000000
quickSort, 700, 3927, 7478, 0.000000
selectSort, 800, 799, 319600, 0.001000
insertionSort, 800, 155397, 154598, 0.000000
heapSort, 800, 7030, 14860, 0.000000
quickSort, 800, 4596, 8142, 0.000000
selectSort, 800, 799, 319600, 0.001000
insertionSort, 800, 165529, 164730, 0.000000
heapSort, 800, 6990, 14780, 0.000000
quickSort, 800, 4804, 7988, 0.000000
selectSort, 800, 799, 319600, 0.001000
insertionSort, 800, 164023, 163224, 0.001000
heapSort, 800, 7020, 14840, 0.000000
quickSort, 800, 4708, 7831, 0.000000
selectSort, 800, 799, 319600, 0.001000
insertionSort, 800, 161998, 161199, 0.000000
heapSort, 800, 7033, 14866, 0.000000
quickSort, 800, 4908, 9171, 0.000000
selectSort, 800, 799, 319600, 0.001000
insertionSort, 800, 153958, 153159, 0.000000
heapSort, 800, 7025, 14850, 0.000000
quickSort, 800, 5323, 8382, 0.000000
selectSort, 800, 799, 319600, 0.001000
insertionSort, 800, 154097, 153298, 0.001000
heapSort, 800, 7030, 14860, 0.000000
quickSort, 800, 4454, 7651, 0.000000
selectSort, 800, 799, 319600, 0.001000
insertionSort, 800, 158891, 158092, 0.000000
heapSort, 800, 7078, 14956, 0.000000
quickSort, 800, 4234, 7875, 0.000000
selectSort, 800, 799, 319600, 0.001000
insertionSort, 800, 161932, 161133, 0.000000
heapSort, 800, 7045, 14890, 0.000000
quickSort, 800, 4667, 8140, 0.000000
selectSort, 800, 799, 319600, 0.000000
insertionSort, 800, 165153, 164354, 0.001000
heapSort, 800, 7016, 14832, 0.000000
quickSort, 800, 4920, 8218, 0.000000
selectSort, 800, 799, 319600, 0.001000
insertionSort, 800, 160508, 159709, 0.000000
heapSort, 800, 7039, 14878, 0.000000
quickSort, 800, 4506, 8702, 0.000000
selectSort, 900, 899, 404550, 0.001000
insertionSort, 900, 205295, 204396, 0.001000
heapSort, 900, 8004, 16908, 0.000000
quickSort, 900, 6092, 9193, 0.000000
selectSort, 900, 899, 404550, 0.001000
insertionSort, 900, 199760, 198861, 0.000000
heapSort, 900, 8071, 17042, 0.000000
quickSort, 900, 6020, 9566, 0.001000
selectSort, 900, 899, 404550, 0.000000
insertionSort, 900, 202861, 201962, 0.001000
heapSort, 900, 8048, 16996, 0.000000
quickSort, 900, 6895, 11164, 0.000000
selectSort, 900, 899, 404550, 0.001000
insertionSort, 900, 200537, 199638, 0.001000
heapSort, 900, 8052, 17004, 0.000000
quickSort, 900, 5383, 9561, 0.000000
selectSort, 900, 899, 404550, 0.001000
insertionSort, 900, 205247, 204348, 0.000000
heapSort, 900, 8072, 17044, 0.000000
quickSort, 900, 5401, 9223, 0.001000
selectSort, 900, 899, 404550, 0.000000
insertionSort, 900, 198979, 198080, 0.001000
heapSort, 900, 8088, 17076, 0.000000
quickSort, 900, 5023, 8673, 0.000000
selectSort, 900, 899, 404550, 0.001000
insertionSort, 900, 208014, 207115, 0.001000
heapSort, 900, 7985, 16870, 0.000000
quickSort, 900, 4911, 9406, 0.000000
selectSort, 900, 899, 404550, 0.001000
insertionSort, 900, 207166, 206267, 0.000000
heapSort, 900, 8055, 17010, 0.000000
quickSort, 900, 5839, 11390, 0.000000
selectSort, 900, 899, 404550, 0.000000
insertionSort, 900, 200858, 199959, 0.001000
heapSort, 900, 8065, 17030, 0.000000
quickSort, 900, 5625, 9380, 0.000000
selectSort, 900, 899, 404550, 0.001000
insertionSort, 900, 198713, 197814, 0.001000
heapSort, 900, 8058, 17016, 0.000000
quickSort, 900, 6249, 10519, 0.000000
selectSort, 1000, 999, 499500, 0.001000
insertionSort, 1000, 256908, 255909, 0.001000
heapSort, 1000, 9049, 19098, 0.000000
quickSort, 1000, 5943, 10941, 0.000000
selectSort, 1000, 999, 499500, 0.001000
insertionSort, 1000, 250267, 249268, 0.001000
heapSort, 1000, 9062, 19124, 0.000000
quickSort, 1000, 5399, 11274, 0.000000
selectSort, 1000, 999, 499500, 0.001000
insertionSort, 1000, 253993, 252994, 0.001000
heapSort, 1000, 9066, 19132, 0.000000
quickSort, 1000, 6001, 10793, 0.000000
selectSort, 1000, 999, 499500, 0.001000
insertionSort, 1000, 263879, 262880, 0.001000
heapSort, 1000, 9018, 19036, 0.000000
quickSort, 1000, 7390, 11891, 0.000000
selectSort, 1000, 999, 499500, 0.001000
insertionSort, 1000, 257361, 256362, 0.001000
heapSort, 1000, 9030, 19060, 0.000000
quickSort, 1000, 6132, 10506, 0.000000
selectSort, 1000, 999, 499500, 0.001000
insertionSort, 1000, 250132, 249133, 0.001000
heapSort, 1000, 9101, 19202, 0.000000
quickSort, 1000, 6621, 11015, 0.000000
selectSort, 1000, 999, 499500, 0.001000
insertionSort, 1000, 255590, 254591, 0.001000
heapSort, 1000, 9051, 19102, 0.000000
quickSort, 1000, 5954, 10238, 0.000000
selectSort, 1000, 999, 499500, 0.001000
insertionSort, 1000, 243594, 242595, 0.001000
heapSort, 1000, 9105, 19210, 0.000000
quickSort, 1000, 6423, 10639, 0.000000
selectSort, 1000, 999, 499500, 0.001000
insertionSort, 1000, 250758, 249759, 0.001000
heapSort, 1000, 9047, 19094, 0.000000
quickSort, 1000, 6607, 11735, 0.000000
selectSort, 1000, 999, 499500, 0.001000
insertionSort, 1000, 248424, 247425, 0.001000
heapSort, 1000, 9093, 19186, 0.000000
quickSort, 1000, 6944, 12662, 0.000000
selectSort, 1100, 1099, 604450, 0.001000
insertionSort, 1100, 308348, 307249, 0.001000
heapSort, 1100, 10167, 21434, 0.000000
quickSort, 1100, 6225, 11632, 0.000000
selectSort, 1100, 1099, 604450, 0.002000
insertionSort, 1100, 321980, 320881, 0.001000
heapSort, 1100, 10113, 21326, 0.000000
quickSort, 1100, 5717, 12849, 0.000000
selectSort, 1100, 1099, 604450, 0.001000
insertionSort, 1100, 292336, 291237, 0.001000
heapSort, 1100, 10143, 21386, 0.000000
quickSort, 1100, 6016, 11661, 0.000000
selectSort, 1100, 1099, 604450, 0.002000
insertionSort, 1100, 311796, 310697, 0.000000
heapSort, 1100, 10143, 21386, 0.001000
quickSort, 1100, 6546, 11562, 0.000000
selectSort, 1100, 1099, 604450, 0.001000
insertionSort, 1100, 307405, 306306, 0.001000
heapSort, 1100, 10162, 21424, 0.000000
quickSort, 1100, 6902, 11583, 0.000000
selectSort, 1100, 1099, 604450, 0.001000
insertionSort, 1100, 317215, 316116, 0.001000
heapSort, 1100, 10116, 21332, 0.000000
quickSort, 1100, 6221, 12429, 0.001000
selectSort, 1100, 1099, 604450, 0.001000
insertionSort, 1100, 306078, 304979, 0.001000
heapSort, 1100, 10137, 21374, 0.000000
quickSort, 1100, 7160, 12417, 0.000000
selectSort, 1100, 1099, 604450, 0.001000
insertionSort, 1100, 305053, 303954, 0.001000
heapSort, 1100, 10152, 21404, 0.000000
quickSort, 1100, 7030, 11464, 0.000000
selectSort, 1100, 1099, 604450, 0.002000
insertionSort, 1100, 303789, 302690, 0.001000
heapSort, 1100, 10092, 21284, 0.000000
quickSort, 1100, 6556, 11658, 0.000000
selectSort, 1100, 1099, 604450, 0.001000
insertionSort, 1100, 304756, 303657, 0.001000
heapSort, 1100, 10175, 21450, 0.000000
quickSort, 1100, 6937, 11455, 0.000000
selectSort, 1200, 1199, 719400, 0.002000
insertionSort, 1200, 370627, 369428, 0.001000
heapSort, 1200, 11206, 23612, 0.000000
quickSort, 1200, 7359, 13311, 0.000000
selectSort, 1200, 1199, 719400, 0.002000
insertionSort, 1200, 368254, 367055, 0.001000
heapSort, 1200, 11205, 23610, 0.000000
quickSort, 1200, 6599, 14044, 0.000000
selectSort, 1200, 1199, 719400, 0.001000
insertionSort, 1200, 368912, 367713, 0.001000
heapSort, 1200, 11239, 23678, 0.001000
quickSort, 1200, 7222, 13327, 0.000000
selectSort, 1200, 1199, 719400, 0.001000
insertionSort, 1200, 355252, 354053, 0.001000
heapSort, 1200, 11281, 23762, 0.000000
quickSort, 1200, 9280, 14678, 0.001000
selectSort, 1200, 1199, 719400, 0.001000
insertionSort, 1200, 362625, 361426, 0.001000
heapSort, 1200, 11240, 23680, 0.000000
quickSort, 1200, 8231, 13953, 0.000000
selectSort, 1200, 1199, 719400, 0.002000
insertionSort, 1200, 361364, 360165, 0.001000
heapSort, 1200, 11243, 23686, 0.000000
quickSort, 1200, 7026, 12401, 0.000000
selectSort, 1200, 1199, 719400, 0.002000
insertionSort, 1200, 366381, 365182, 0.001000
heapSort, 1200, 11238, 23676, 0.000000
quickSort, 1200, 8026, 13628, 0.000000
selectSort, 1200, 1199, 719400, 0.002000
insertionSort, 1200, 360608, 359409, 0.001000
heapSort, 1200, 11239, 23678, 0.000000
quickSort, 1200, 6948, 13715, 0.000000
selectSort, 1200, 1199, 719400, 0.002000
insertionSort, 1200, 350958, 349759, 0.001000
heapSort, 1200, 11255, 23710, 0.000000
quickSort, 1200, 6895, 13622, 0.000000
selectSort, 1200, 1199, 719400, 0.002000
insertionSort, 1200, 369995, 368796, 0.001000
heapSort, 1200, 11252, 23704, 0.000000
quickSort, 1200, 7435, 14091, 0.000000
selectSort, 1300, 1299, 844350, 0.002000
insertionSort, 1300, 423461, 422162, 0.001000
heapSort, 1300, 12366, 26032, 0.000000
quickSort, 1300, 9646, 16177, 0.000000
selectSort, 1300, 1299, 844350, 0.002000
insertionSort, 1300, 436962, 435663, 0.001000
heapSort, 1300, 12299, 25898, 0.000000
quickSort, 1300, 7930, 14506, 0.001000
selectSort, 1300, 1299, 844350, 0.001000
insertionSort, 1300, 424892, 423593, 0.002000
heapSort, 1300, 12351, 26002, 0.000000
quickSort, 1300, 8621, 14395, 0.000000
selectSort, 1300, 1299, 844350, 0.002000
insertionSort, 1300, 430449, 429150, 0.001000
heapSort, 1300, 12316, 25932, 0.000000
quickSort, 1300, 9952, 15535, 0.000000
selectSort, 1300, 1299, 844350, 0.002000
insertionSort, 1300, 418997, 417698, 0.001000
heapSort, 1300, 12328, 25956, 0.000000
quickSort, 1300, 8128, 14582, 0.000000
selectSort, 1300, 1299, 844350, 0.002000
insertionSort, 1300, 416004, 414705, 0.001000
heapSort, 1300, 12321, 25942, 0.000000
quickSort, 1300, 8865, 15483, 0.001000
selectSort, 1300, 1299, 844350, 0.001000
insertionSort, 1300, 415896, 414597, 0.001000
heapSort, 1300, 12381, 26062, 0.001000
quickSort, 1300, 8511, 14563, 0.000000
selectSort, 1300, 1299, 844350, 0.002000
insertionSort, 1300, 418446, 417147, 0.001000
heapSort, 1300, 12341, 25982, 0.000000
quickSort, 1300, 8812, 14173, 0.000000
selectSort, 1300, 1299, 844350, 0.002000
insertionSort, 1300, 434406, 433107, 0.001000
heapSort, 1300, 12347, 25994, 0.000000
quickSort, 1300, 7916, 13925, 0.000000
selectSort, 1300, 1299, 844350, 0.002000
insertionSort, 1300, 424267, 422968, 0.001000
heapSort, 1300, 12340, 25980, 0.000000
quickSort, 1300, 8208, 14147, 0.000000
selectSort, 1400, 1399, 979300, 0.003000
insertionSort, 1400, 500656, 499257, 0.001000
heapSort, 1400, 13421, 28242, 0.000000
quickSort, 1400, 8481, 16433, 0.000000
selectSort, 1400, 1399, 979300, 0.002000
insertionSort, 1400, 492733, 491334, 0.002000
heapSort, 1400, 13472, 28344, 0.000000
quickSort, 1400, 8697, 16076, 0.000000
selectSort, 1400, 1399, 979300, 0.002000
insertionSort, 1400, 490004, 488605, 0.001000
heapSort, 1400, 13389, 28178, 0.001000
quickSort, 1400, 8221, 14877, 0.000000
selectSort, 1400, 1399, 979300, 0.002000
insertionSort, 1400, 503128, 501729, 0.001000
heapSort, 1400, 13421, 28242, 0.000000
quickSort, 1400, 8250, 14938, 0.000000
selectSort, 1400, 1399, 979300, 0.003000
insertionSort, 1400, 510546, 509147, 0.001000
heapSort, 1400, 13413, 28226, 0.000000
quickSort, 1400, 10022, 16509, 0.000000
selectSort, 1400, 1399, 979300, 0.002000
insertionSort, 1400, 494514, 493115, 0.002000
heapSort, 1400, 13439, 28278, 0.000000
quickSort, 1400, 9287, 17899, 0.000000
selectSort, 1400, 1399, 979300, 0.002000
insertionSort, 1400, 481954, 480555, 0.001000
heapSort, 1400, 13421, 28242, 0.001000
quickSort, 1400, 8253, 16648, 0.000000
selectSort, 1400, 1399, 979300, 0.002000
insertionSort, 1400, 492680, 491281, 0.001000
heapSort, 1400, 13409, 28218, 0.000000
quickSort, 1400, 7777, 15140, 0.000000
selectSort, 1400, 1399, 979300, 0.002000
insertionSort, 1400, 500933, 499534, 0.002000
heapSort, 1400, 13420, 28240, 0.000000
quickSort, 1400, 8865, 15805, 0.000000
selectSort, 1400, 1399, 979300, 0.002000
insertionSort, 1400, 493829, 492430, 0.001000
heapSort, 1400, 13448, 28296, 0.001000
quickSort, 1400, 9094, 16826, 0.000000
selectSort, 1500, 1499, 1124250, 0.002000
insertionSort, 1500, 552399, 550900, 0.002000
heapSort, 1500, 14544, 30588, 0.000000
quickSort, 1500, 9265, 16944, 0.000000
selectSort, 1500, 1499, 1124250, 0.002000
insertionSort, 1500, 564893, 563394, 0.002000
heapSort, 1500, 14574, 30648, 0.000000
quickSort, 1500, 11069, 18990, 0.000000
selectSort, 1500, 1499, 1124250, 0.003000
insertionSort, 1500, 590104, 588605, 0.001000
heapSort, 1500, 14511, 30522, 0.000000
quickSort, 1500, 11306, 19776, 0.001000
selectSort, 1500, 1499, 1124250, 0.002000
insertionSort, 1500, 577000, 575501, 0.001000
heapSort, 1500, 14533, 30566, 0.001000
quickSort, 1500, 9094, 17482, 0.000000
selectSort, 1500, 1499, 1124250, 0.003000
insertionSort, 1500, 551526, 550027, 0.001000
heapSort, 1500, 14587, 30674, 0.000000
quickSort, 1500, 10370, 17234, 0.000000
selectSort, 1500, 1499, 1124250, 0.003000
insertionSort, 1500, 571660, 570161, 0.001000
heapSort, 1500, 14587, 30674, 0.000000
quickSort, 1500, 9649, 16884, 0.001000
selectSort, 1500, 1499, 1124250, 0.002000
insertionSort, 1500, 558731, 557232, 0.001000
heapSort, 1500, 14518, 30536, 0.001000
quickSort, 1500, 8641, 17240, 0.000000
selectSort, 1500, 1499, 1124250, 0.002000
insertionSort, 1500, 543660, 542161, 0.002000
heapSort, 1500, 14531, 30562, 0.000000
quickSort, 1500, 10056, 17578, 0.000000
selectSort, 1500, 1499, 1124250, 0.003000
insertionSort, 1500, 545898, 544399, 0.001000
heapSort, 1500, 14543, 30586, 0.000000
quickSort, 1500, 10893, 18130, 0.001000
selectSort, 1500, 1499, 1124250, 0.002000
insertionSort, 1500, 556878, 555379, 0.001000
heapSort, 1500, 14575, 30650, 0.001000
quickSort, 1500, 9349, 19437, 0.000000
selectSort, 1600, 1599, 1279200, 0.002000
insertionSort, 1600, 626116, 624517, 0.002000
heapSort, 1600, 15681, 32962, 0.000000
quickSort, 1600, 12491, 20481, 0.001000
selectSort, 1600, 1599, 1279200, 0.001000
insertionSort, 1600, 649278, 647679, 0.003000
heapSort, 1600, 15649, 32898, 0.000000
quickSort, 1600, 9233, 18165, 0.000000
selectSort, 1600, 1599, 1279200, 0.003000
insertionSort, 1600, 637599, 636000, 0.002000
heapSort, 1600, 15662, 32924, 0.000000
quickSort, 1600, 10826, 18993, 0.000000
selectSort, 1600, 1599, 1279200, 0.003000
insertionSort, 1600, 644344, 642745, 0.003000
heapSort, 1600, 15601, 32802, 0.000000
quickSort, 1600, 10204, 18075, 0.000000
selectSort, 1600, 1599, 1279200, 0.002000
insertionSort, 1600, 631142, 629543, 0.001000
heapSort, 1600, 15655, 32910, 0.001000
quickSort, 1600, 9109, 19356, 0.000000
selectSort, 1600, 1599, 1279200, 0.003000
insertionSort, 1600, 668027, 666428, 0.001000
heapSort, 1600, 15590, 32780, 0.001000
quickSort, 1600, 10404, 18590, 0.000000
selectSort, 1600, 1599, 1279200, 0.002000
insertionSort, 1600, 659571, 657972, 0.002000
heapSort, 1600, 15652, 32904, 0.001000
quickSort, 1600, 11529, 18736, 0.000000
selectSort, 1600, 1599, 1279200, 0.002000
insertionSort, 1600, 626580, 624981, 0.002000
heapSort, 1600, 15639, 32878, 0.000000
quickSort, 1600, 10369, 18583, 0.000000
selectSort, 1600, 1599, 1279200, 0.003000
insertionSort, 1600, 650395, 648796, 0.002000
heapSort, 1600, 15690, 32980, 0.000000
quickSort, 1600, 10927, 18301, 0.000000
selectSort, 1600, 1599, 1279200, 0.003000
insertionSort, 1600, 649316, 647717, 0.002000
heapSort, 1600, 15591, 32782, 0.000000
quickSort, 1600, 9300, 18990, 0.000000
selectSort, 1700, 1699, 1444150, 0.003000
insertionSort, 1700, 731035, 729336, 0.002000
heapSort, 1700, 16806, 35312, 0.000000
quickSort, 1700, 10833, 19171, 0.001000
selectSort, 1700, 1699, 1444150, 0.003000
insertionSort, 1700, 717062, 715363, 0.002000
heapSort, 1700, 16809, 35318, 0.000000
quickSort, 1700, 10487, 20462, 0.000000
selectSort, 1700, 1699, 1444150, 0.003000
insertionSort, 1700, 729538, 727839, 0.002000
heapSort, 1700, 16757, 35214, 0.000000
quickSort, 1700, 13371, 20664, 0.001000
selectSort, 1700, 1699, 1444150, 0.003000
insertionSort, 1700, 718413, 716714, 0.001000
heapSort, 1700, 16828, 35356, 0.001000
quickSort, 1700, 9817, 19308, 0.000000
selectSort, 1700, 1699, 1444150, 0.003000
insertionSort, 1700, 725727, 724028, 0.003000
heapSort, 1700, 16748, 35196, 0.000000
quickSort, 1700, 10874, 19790, 0.000000
selectSort, 1700, 1699, 1444150, 0.003000
insertionSort, 1700, 697624, 695925, 0.002000
heapSort, 1700, 16765, 35230, 0.001000
quickSort, 1700, 12654, 21449, 0.000000
selectSort, 1700, 1699, 1444150, 0.003000
insertionSort, 1700, 727219, 725520, 0.002000
heapSort, 1700, 16746, 35192, 0.000000
quickSort, 1700, 12264, 21926, 0.000000
selectSort, 1700, 1699, 1444150, 0.004000
insertionSort, 1700, 715982, 714283, 0.001000
heapSort, 1700, 16793, 35286, 0.001000
quickSort, 1700, 13074, 23667, 0.000000
selectSort, 1700, 1699, 1444150, 0.003000
insertionSort, 1700, 719175, 717476, 0.002000
heapSort, 1700, 16814, 35328, 0.000000
quickSort, 1700, 11106, 19023, 0.000000
selectSort, 1700, 1699, 1444150, 0.004000
insertionSort, 1700, 730207, 728508, 0.002000
heapSort, 1700, 16800, 35300, 0.000000
quickSort, 1700, 10934, 21380, 0.000000
selectSort, 1800, 1799, 1619100, 0.004000
insertionSort, 1800, 817773, 815974, 0.002000
heapSort, 1800, 17930, 37660, 0.000000
quickSort, 1800, 11563, 20149, 0.000000
selectSort, 1800, 1799, 1619100, 0.004000
insertionSort, 1800, 828490, 826691, 0.002000
heapSort, 1800, 17893, 37586, 0.000000
quickSort, 1800, 11123, 20127, 0.000000
selectSort, 1800, 1799, 1619100, 0.004000
insertionSort, 1800, 820529, 818730, 0.002000
heapSort, 1800, 17946, 37692, 0.000000
quickSort, 1800, 11456, 21660, 0.000000
selectSort, 1800, 1799, 1619100, 0.004000
insertionSort, 1800, 803886, 802087, 0.002000
heapSort, 1800, 17927, 37654, 0.000000
quickSort, 1800, 11655, 21840, 0.001000
selectSort, 1800, 1799, 1619100, 0.003000
insertionSort, 1800, 814687, 812888, 0.002000
heapSort, 1800, 17878, 37556, 0.001000
quickSort, 1800, 11460, 20861, 0.000000
selectSort, 1800, 1799, 1619100, 0.003000
insertionSort, 1800, 804485, 802686, 0.002000
heapSort, 1800, 17942, 37684, 0.001000
quickSort, 1800, 13841, 23309, 0.000000
selectSort, 1800, 1799, 1619100, 0.003000
insertionSort, 1800, 783787, 781988, 0.003000
heapSort, 1800, 17956, 37712, 0.000000
quickSort, 1800, 13413, 22164, 0.000000
selectSort, 1800, 1799, 1619100, 0.004000
insertionSort, 1800, 830383, 828584, 0.002000
heapSort, 1800, 17916, 37632, 0.000000
quickSort, 1800, 12372, 20902, 0.000000
selectSort, 1800, 1799, 1619100, 0.004000
insertionSort, 1800, 787627, 785828, 0.002000
heapSort, 1800, 17968, 37736, 0.000000
quickSort, 1800, 14950, 24763, 0.000000
selectSort, 1800, 1799, 1619100, 0.004000
insertionSort, 1800, 779178, 777379, 0.002000
heapSort, 1800, 17933, 37666, 0.000000
quickSort, 1800, 12376, 22410, 0.000000
selectSort, 1900, 1899, 1804050, 0.004000
insertionSort, 1900, 890716, 888817, 0.003000
heapSort, 1900, 19151, 40202, 0.000000
quickSort, 1900, 11889, 22519, 0.000000
selectSort, 1900, 1899, 1804050, 0.004000
insertionSort, 1900, 903429, 901530, 0.002000
heapSort, 1900, 19068, 40036, 0.001000
quickSort, 1900, 12026, 24957, 0.000000
selectSort, 1900, 1899, 1804050, 0.004000
insertionSort, 1900, 902779, 900880, 0.002000
heapSort, 1900, 19020, 39940, 0.000000
quickSort, 1900, 12799, 25443, 0.001000
selectSort, 1900, 1899, 1804050, 0.004000
insertionSort, 1900, 896376, 894477, 0.002000
heapSort, 1900, 19063, 40026, 0.000000
quickSort, 1900, 16453, 24068, 0.000000
selectSort, 1900, 1899, 1804050, 0.004000
insertionSort, 1900, 916283, 914384, 0.003000
heapSort, 1900, 19046, 39992, 0.000000
quickSort, 1900, 11766, 22683, 0.000000
selectSort, 1900, 1899, 1804050, 0.004000
insertionSort, 1900, 909328, 907429, 0.003000
heapSort, 1900, 19057, 40014, 0.000000
quickSort, 1900, 13669, 24518, 0.000000
selectSort, 1900, 1899, 1804050, 0.004000
insertionSort, 1900, 903905, 902006, 0.002000
heapSort, 1900, 19056, 40012, 0.001000
quickSort, 1900, 13813, 24304, 0.000000
selectSort, 1900, 1899, 1804050, 0.004000
insertionSort, 1900, 906083, 904184, 0.002000
heapSort, 1900, 19048, 39996, 0.000000
quickSort, 1900, 11832, 21305, 0.000000
selectSort, 1900, 1899, 1804050, 0.003000
insertionSort, 1900, 897279, 895380, 0.003000
heapSort, 1900, 19112, 40124, 0.000000
quickSort, 1900, 11809, 24095, 0.000000
selectSort, 1900, 1899, 1804050, 0.004000
insertionSort, 1900, 927112, 925213, 0.003000
heapSort, 1900, 18955, 39810, 0.000000
quickSort, 1900, 12418, 21575, 0.000000
selectSort, 2000, 1999, 1999000, 0.004000
insertionSort, 2000, 1005358, 1003359, 0.003000
heapSort, 2000, 20163, 42326, 0.000000
quickSort, 2000, 15826, 26276, 0.001000
selectSort, 2000, 1999, 1999000, 0.004000
insertionSort, 2000, 986166, 984167, 0.003000
heapSort, 2000, 20205, 42410, 0.000000
quickSort, 2000, 13730, 24307, 0.000000
selectSort, 2000, 1999, 1999000, 0.004000
insertionSort, 2000, 991241, 989242, 0.003000
heapSort, 2000, 20136, 42272, 0.000000
quickSort, 2000, 13351, 25999, 0.001000
selectSort, 2000, 1999, 1999000, 0.004000
insertionSort, 2000, 1019374, 1017375, 0.003000
heapSort, 2000, 20133, 42266, 0.000000
quickSort, 2000, 12947, 23077, 0.000000
selectSort, 2000, 1999, 1999000, 0.004000
insertionSort, 2000, 993641, 991642, 0.003000
heapSort, 2000, 20152, 42304, 0.000000
quickSort, 2000, 13555, 22994, 0.001000
selectSort, 2000, 1999, 1999000, 0.004000
insertionSort, 2000, 1012684, 1010685, 0.003000
heapSort, 2000, 20161, 42322, 0.000000
quickSort, 2000, 13010, 23148, 0.000000
selectSort, 2000, 1999, 1999000, 0.004000
insertionSort, 2000, 1024020, 1022021, 0.003000
heapSort, 2000, 20225, 42450, 0.000000
quickSort, 2000, 13826, 25429, 0.001000
selectSort, 2000, 1999, 1999000, 0.004000
insertionSort, 2000, 986263, 984264, 0.003000
heapSort, 2000, 20206, 42412, 0.000000
quickSort, 2000, 12450, 21892, 0.000000
selectSort, 2000, 1999, 1999000, 0.004000
insertionSort, 2000, 1009455, 1007456, 0.003000
heapSort, 2000, 20200, 42400, 0.000000
quickSort, 2000, 12338, 24353, 0.001000
selectSort, 2000, 1999, 1999000, 0.004000
insertionSort, 2000, 1002558, 1000559, 0.002000
heapSort, 2000, 20197, 42394, 0.001000
quickSort, 2000, 12414, 24901, 0.000000
selectSort, 2100, 2099, 2203950, 0.005000
insertionSort, 2100, 1105242, 1103143, 0.002000
heapSort, 2100, 21337, 44774, 0.001000
quickSort, 2100, 15602, 26131, 0.000000
selectSort, 2100, 2099, 2203950, 0.004000
insertionSort, 2100, 1108018, 1105919, 0.003000
heapSort, 2100, 21309, 44718, 0.001000
quickSort, 2100, 15794, 27768, 0.000000
selectSort, 2100, 2099, 2203950, 0.005000
insertionSort, 2100, 1080611, 1078512, 0.003000
heapSort, 2100, 21310, 44720, 0.000000
quickSort, 2100, 14556, 26158, 0.000000
selectSort, 2100, 2099, 2203950, 0.005000
insertionSort, 2100, 1089920, 1087821, 0.003000
heapSort, 2100, 21357, 44814, 0.000000
quickSort, 2100, 15138, 26200, 0.000000
selectSort, 2100, 2099, 2203950, 0.005000
insertionSort, 2100, 1100398, 1098299, 0.003000
heapSort, 2100, 21305, 44710, 0.000000
quickSort, 2100, 13877, 25682, 0.000000
selectSort, 2100, 2099, 2203950, 0.005000
insertionSort, 2100, 1114696, 1112597, 0.003000
heapSort, 2100, 21325, 44750, 0.000000
quickSort, 2100, 15854, 26853, 0.000000
selectSort, 2100, 2099, 2203950, 0.005000
insertionSort, 2100, 1104532, 1102433, 0.003000
heapSort, 2100, 21381, 44862, 0.000000
quickSort, 2100, 14940, 26234, 0.000000
selectSort, 2100, 2099, 2203950, 0.005000
insertionSort, 2100, 1108517, 1106418, 0.003000
heapSort, 2100, 21314, 44728, 0.000000
quickSort, 2100, 16705, 29655, 0.000000
selectSort, 2100, 2099, 2203950, 0.005000
insertionSort, 2100, 1101438, 1099339, 0.003000
heapSort, 2100, 21303, 44706, 0.000000
quickSort, 2100, 14346, 26029, 0.001000
selectSort, 2100, 2099, 2203950, 0.004000
insertionSort, 2100, 1120916, 1118817, 0.003000
heapSort, 2100, 21301, 44702, 0.000000
quickSort, 2100, 14894, 25348, 0.001000
selectSort, 2200, 2199, 2418900, 0.005000
insertionSort, 2200, 1224666, 1222467, 0.003000
heapSort, 2200, 22475, 47150, 0.000000
quickSort, 2200, 14888, 27417, 0.001000
selectSort, 2200, 2199, 2418900, 0.005000
insertionSort, 2200, 1215068, 1212869, 0.003000
heapSort, 2200, 22455, 47110, 0.000000
quickSort, 2200, 16372, 27324, 0.000000
selectSort, 2200, 2199, 2418900, 0.006000
insertionSort, 2200, 1238737, 1236538, 0.003000
heapSort, 2200, 22456, 47112, 0.000000
quickSort, 2200, 14114, 26738, 0.000000
selectSort, 2200, 2199, 2418900, 0.005000
insertionSort, 2200, 1222468, 1220269, 0.003000
heapSort, 2200, 22457, 47114, 0.000000
quickSort, 2200, 14348, 28793, 0.000000
selectSort, 2200, 2199, 2418900, 0.006000
insertionSort, 2200, 1211167, 1208968, 0.003000
heapSort, 2200, 22520, 47240, 0.000000
quickSort, 2200, 15963, 27094, 0.000000
selectSort, 2200, 2199, 2418900, 0.006000
insertionSort, 2200, 1204249, 1202050, 0.003000
heapSort, 2200, 22506, 47212, 0.000000
quickSort, 2200, 16409, 29059, 0.000000
selectSort, 2200, 2199, 2418900, 0.005000
insertionSort, 2200, 1222524, 1220325, 0.003000
heapSort, 2200, 22487, 47174, 0.001000
quickSort, 2200, 18648, 29154, 0.000000
selectSort, 2200, 2199, 2418900, 0.005000
insertionSort, 2200, 1173082, 1170883, 0.003000
heapSort, 2200, 22595, 47390, 0.000000
quickSort, 2200, 15614, 27116, 0.001000
selectSort, 2200, 2199, 2418900, 0.005000
insertionSort, 2200, 1225042, 1222843, 0.003000
heapSort, 2200, 22495, 47190, 0.001000
quickSort, 2200, 15966, 28035, 0.000000
selectSort, 2200, 2199, 2418900, 0.005000
insertionSort, 2200, 1212753, 1210554, 0.004000
heapSort, 2200, 22520, 47240, 0.000000
quickSort, 2200, 15463, 29242, 0.000000
selectSort, 2300, 2299, 2643850, 0.006000
insertionSort, 2300, 1352070, 1349771, 0.003000
heapSort, 2300, 23625, 49550, 0.001000
quickSort, 2300, 14176, 28104, 0.000000
selectSort, 2300, 2299, 2643850, 0.006000
insertionSort, 2300, 1282165, 1279866, 0.003000
heapSort, 2300, 23724, 49748, 0.001000
quickSort, 2300, 17313, 29387, 0.000000
selectSort, 2300, 2299, 2643850, 0.005000
insertionSort, 2300, 1353835, 1351536, 0.004000
heapSort, 2300, 23604, 49508, 0.000000
quickSort, 2300, 15753, 29778, 0.001000
selectSort, 2300, 2299, 2643850, 0.005000
insertionSort, 2300, 1338231, 1335932, 0.004000
heapSort, 2300, 23674, 49648, 0.000000
quickSort, 2300, 13318, 28490, 0.001000
selectSort, 2300, 2299, 2643850, 0.005000
insertionSort, 2300, 1321036, 1318737, 0.004000
heapSort, 2300, 23683, 49666, 0.000000
quickSort, 2300, 17225, 28093, 0.000000
selectSort, 2300, 2299, 2643850, 0.006000
insertionSort, 2300, 1355372, 1353073, 0.004000
heapSort, 2300, 23699, 49698, 0.000000
quickSort, 2300, 15802, 28494, 0.000000
selectSort, 2300, 2299, 2643850, 0.006000
insertionSort, 2300, 1353440, 1351141, 0.004000
heapSort, 2300, 23589, 49478, 0.000000
quickSort, 2300, 15955, 28324, 0.000000
selectSort, 2300, 2299, 2643850, 0.006000
insertionSort, 2300, 1328965, 1326666, 0.003000
heapSort, 2300, 23640, 49580, 0.001000
quickSort, 2300, 19014, 33999, 0.000000
selectSort, 2300, 2299, 2643850, 0.006000
insertionSort, 2300, 1309948, 1307649, 0.003000
heapSort, 2300, 23687, 49674, 0.001000
quickSort, 2300, 17030, 31159, 0.000000
selectSort, 2300, 2299, 2643850, 0.006000
insertionSort, 2300, 1361951, 1359652, 0.003000
heapSort, 2300, 23642, 49584, 0.000000
quickSort, 2300, 14465, 27866, 0.000000
selectSort, 2400, 2399, 2878800, 0.006000
insertionSort, 2400, 1457573, 1455174, 0.004000
heapSort, 2400, 24830, 52060, 0.000000
quickSort, 2400, 16661, 30143, 0.000000
selectSort, 2400, 2399, 2878800, 0.007000
insertionSort, 2400, 1481593, 1479194, 0.003000
heapSort, 2400, 24892, 52184, 0.001000
quickSort, 2400, 14939, 29223, 0.000000
selectSort, 2400, 2399, 2878800, 0.006000
insertionSort, 2400, 1421400, 1419001, 0.004000
heapSort, 2400, 24827, 52054, 0.000000
quickSort, 2400, 17418, 28836, 0.001000
selectSort, 2400, 2399, 2878800, 0.006000
insertionSort, 2400, 1461848, 1459449, 0.004000
heapSort, 2400, 24905, 52210, 0.000000
quickSort, 2400, 13919, 28479, 0.000000
selectSort, 2400, 2399, 2878800, 0.007000
insertionSort, 2400, 1397809, 1395410, 0.003000
heapSort, 2400, 24952, 52304, 0.001000
quickSort, 2400, 18527, 30228, 0.000000
selectSort, 2400, 2399, 2878800, 0.006000
insertionSort, 2400, 1450024, 1447625, 0.004000
heapSort, 2400, 24837, 52074, 0.000000
quickSort, 2400, 16027, 29388, 0.000000
selectSort, 2400, 2399, 2878800, 0.007000
insertionSort, 2400, 1484453, 1482054, 0.004000
heapSort, 2400, 24866, 52132, 0.000000
quickSort, 2400, 18421, 32001, 0.000000
selectSort, 2400, 2399, 2878800, 0.006000
insertionSort, 2400, 1428166, 1425767, 0.004000
heapSort, 2400, 24857, 52114, 0.000000
quickSort, 2400, 15513, 29904, 0.001000
selectSort, 2400, 2399, 2878800, 0.006000
insertionSort, 2400, 1451702, 1449303, 0.004000
heapSort, 2400, 24759, 51918, 0.000000
quickSort, 2400, 15735, 30977, 0.000000
selectSort, 2400, 2399, 2878800, 0.007000
insertionSort, 2400, 1401627, 1399228, 0.003000
heapSort, 2400, 24892, 52184, 0.001000
quickSort, 2400, 17115, 31482, 0.000000
selectSort, 2500, 2499, 3123750, 0.007000
insertionSort, 2500, 1582768, 1580269, 0.004000
heapSort, 2500, 26077, 54654, 0.001000
quickSort, 2500, 16585, 29734, 0.000000
selectSort, 2500, 2499, 3123750, 0.007000
insertionSort, 2500, 1585283, 1582784, 0.003000
heapSort, 2500, 25982, 54464, 0.000000
quickSort, 2500, 17621, 31009, 0.001000
selectSort, 2500, 2499, 3123750, 0.007000
insertionSort, 2500, 1567048, 1564549, 0.004000
heapSort, 2500, 26007, 54514, 0.000000
quickSort, 2500, 16883, 29000, 0.000000
selectSort, 2500, 2499, 3123750, 0.007000
insertionSort, 2500, 1562576, 1560077, 0.004000
heapSort, 2500, 26031, 54562, 0.001000
quickSort, 2500, 18710, 33376, 0.000000
selectSort, 2500, 2499, 3123750, 0.007000
insertionSort, 2500, 1563358, 1560859, 0.004000
heapSort, 2500, 26037, 54574, 0.000000
quickSort, 2500, 18518, 31853, 0.000000
selectSort, 2500, 2499, 3123750, 0.007000
insertionSort, 2500, 1544951, 1542452, 0.004000
heapSort, 2500, 26094, 54688, 0.001000
quickSort, 2500, 16707, 31519, 0.000000
selectSort, 2500, 2499, 3123750, 0.007000
insertionSort, 2500, 1571807, 1569308, 0.004000
heapSort, 2500, 26112, 54724, 0.000000
quickSort, 2500, 20368, 33184, 0.001000
selectSort, 2500, 2499, 3123750, 0.007000
insertionSort, 2500, 1572770, 1570271, 0.004000
heapSort, 2500, 26065, 54630, 0.000000
quickSort, 2500, 16889, 33865, 0.000000
selectSort, 2500, 2499, 3123750, 0.007000
insertionSort, 2500, 1586431, 1583932, 0.004000
heapSort, 2500, 26040, 54580, 0.000000
quickSort, 2500, 18814, 32437, 0.001000
selectSort, 2500, 2499, 3123750, 0.006000
insertionSort, 2500, 1554890, 1552391, 0.004000
heapSort, 2500, 26041, 54582, 0.001000
quickSort, 2500, 16584, 33194, 0.000000
selectSort, 2600, 2599, 3378700, 0.007000
insertionSort, 2600, 1688117, 1685518, 0.005000
heapSort, 2600, 27234, 57068, 0.000000
quickSort, 2600, 19884, 35163, 0.001000
selectSort, 2600, 2599, 3378700, 0.007000
insertionSort, 2600, 1718916, 1716317, 0.004000
heapSort, 2600, 27235, 57070, 0.001000
quickSort, 2600, 17064, 33467, 0.000000
selectSort, 2600, 2599, 3378700, 0.007000
insertionSort, 2600, 1696060, 1693461, 0.005000
heapSort, 2600, 27269, 57138, 0.000000
quickSort, 2600, 18258, 35555, 0.000000
selectSort, 2600, 2599, 3378700, 0.007000
insertionSort, 2600, 1667411, 1664812, 0.004000
heapSort, 2600, 27274, 57148, 0.001000
quickSort, 2600, 17124, 31551, 0.000000
selectSort, 2600, 2599, 3378700, 0.007000
insertionSort, 2600, 1689733, 1687134, 0.005000
heapSort, 2600, 27230, 57060, 0.000000
quickSort, 2600, 22364, 34048, 0.000000
selectSort, 2600, 2599, 3378700, 0.008000
insertionSort, 2600, 1683323, 1680724, 0.004000
heapSort, 2600, 27236, 57072, 0.000000
quickSort, 2600, 19794, 34474, 0.001000
selectSort, 2600, 2599, 3378700, 0.007000
insertionSort, 2600, 1696911, 1694312, 0.004000
heapSort, 2600, 27294, 57188, 0.001000
quickSort, 2600, 17543, 31707, 0.000000
selectSort, 2600, 2599, 3378700, 0.008000
insertionSort, 2600, 1714803, 1712204, 0.005000
heapSort, 2600, 27186, 56972, 0.000000
quickSort, 2600, 18618, 32606, 0.000000
selectSort, 2600, 2599, 3378700, 0.008000
insertionSort, 2600, 1695860, 1693261, 0.004000
heapSort, 2600, 27303, 57206, 0.001000
quickSort, 2600, 21516, 35496, 0.000000
selectSort, 2600, 2599, 3378700, 0.007000
insertionSort, 2600, 1696019, 1693420, 0.004000
heapSort, 2600, 27288, 57176, 0.001000
quickSort, 2600, 17418, 31708, 0.000000
selectSort, 2700, 2699, 3643650, 0.008000
insertionSort, 2700, 1840890, 1838191, 0.005000
heapSort, 2700, 28539, 59778, 0.000000
quickSort, 2700, 19792, 36650, 0.001000
selectSort, 2700, 2699, 3643650, 0.007000
insertionSort, 2700, 1831547, 1828848, 0.005000
heapSort, 2700, 28408, 59516, 0.000000
quickSort, 2700, 19622, 34153, 0.001000
selectSort, 2700, 2699, 3643650, 0.007000
insertionSort, 2700, 1824223, 1821524, 0.005000
heapSort, 2700, 28482, 59664, 0.001000
quickSort, 2700, 19670, 32149, 0.000000
selectSort, 2700, 2699, 3643650, 0.008000
insertionSort, 2700, 1805004, 1802305, 0.004000
heapSort, 2700, 28465, 59630, 0.001000
quickSort, 2700, 18286, 35141, 0.000000
selectSort, 2700, 2699, 3643650, 0.008000
insertionSort, 2700, 1806743, 1804044, 0.005000
heapSort, 2700, 28554, 59808, 0.000000
quickSort, 2700, 19596, 33521, 0.000000
selectSort, 2700, 2699, 3643650, 0.008000
insertionSort, 2700, 1821088, 1818389, 0.005000
heapSort, 2700, 28513, 59726, 0.001000
quickSort, 2700, 19590, 36377, 0.000000
selectSort, 2700, 2699, 3643650, 0.009000
insertionSort, 2700, 1774067, 1771368, 0.003000
heapSort, 2700, 28474, 59648, 0.001000
quickSort, 2700, 18594, 33993, 0.000000
selectSort, 2700, 2699, 3643650, 0.009000
insertionSort, 2700, 1836240, 1833541, 0.005000
heapSort, 2700, 28429, 59558, 0.000000
quickSort, 2700, 17596, 37281, 0.000000
selectSort, 2700, 2699, 3643650, 0.007000
insertionSort, 2700, 1803977, 1801278, 0.005000
heapSort, 2700, 28388, 59476, 0.000000
quickSort, 2700, 19569, 35715, 0.001000
selectSort, 2700, 2699, 3643650, 0.008000
insertionSort, 2700, 1821201, 1818502, 0.004000
heapSort, 2700, 28508, 59716, 0.001000
quickSort, 2700, 17828, 33871, 0.000000
selectSort, 2800, 2799, 3918600, 0.009000
insertionSort, 2800, 1937844, 1935045, 0.005000
heapSort, 2800, 29673, 62146, 0.000000
quickSort, 2800, 20008, 35120, 0.000000
selectSort, 2800, 2799, 3918600, 0.009000
insertionSort, 2800, 1984922, 1982123, 0.005000
heapSort, 2800, 29651, 62102, 0.001000
quickSort, 2800, 26404, 46099, 0.000000
selectSort, 2800, 2799, 3918600, 0.009000
insertionSort, 2800, 1975163, 1972364, 0.005000
heapSort, 2800, 29660, 62120, 0.000000
quickSort, 2800, 19500, 34080, 0.001000
selectSort, 2800, 2799, 3918600, 0.008000
insertionSort, 2800, 1962237, 1959438, 0.005000
heapSort, 2800, 29630, 62060, 0.001000
quickSort, 2800, 18887, 35174, 0.000000
selectSort, 2800, 2799, 3918600, 0.008000
insertionSort, 2800, 1997326, 1994527, 0.006000
heapSort, 2800, 29635, 62070, 0.000000
quickSort, 2800, 19103, 37793, 0.000000
selectSort, 2800, 2799, 3918600, 0.008000
insertionSort, 2800, 1951485, 1948686, 0.005000
heapSort, 2800, 29658, 62116, 0.001000
quickSort, 2800, 19269, 35918, 0.000000
selectSort, 2800, 2799, 3918600, 0.008000
insertionSort, 2800, 1964671, 1961872, 0.005000
heapSort, 2800, 29620, 62040, 0.001000
quickSort, 2800, 21263, 34616, 0.000000
selectSort, 2800, 2799, 3918600, 0.009000
insertionSort, 2800, 1918228, 1915429, 0.005000
heapSort, 2800, 29735, 62270, 0.000000
quickSort, 2800, 21660, 38670, 0.000000
selectSort, 2800, 2799, 3918600, 0.009000
insertionSort, 2800, 1927958, 1925159, 0.005000
heapSort, 2800, 29695, 62190, 0.000000
quickSort, 2800, 20136, 36496, 0.001000
selectSort, 2800, 2799, 3918600, 0.008000
insertionSort, 2800, 1999759, 1996960, 0.006000
heapSort, 2800, 29592, 61984, 0.000000
quickSort, 2800, 18027, 36834, 0.000000
selectSort, 2900, 2899, 4203550, 0.010000
insertionSort, 2900, 2112094, 2109195, 0.005000
heapSort, 2900, 30859, 64618, 0.001000
quickSort, 2900, 22850, 37362, 0.000000
selectSort, 2900, 2899, 4203550, 0.009000
insertionSort, 2900, 2122914, 2120015, 0.005000
heapSort, 2900, 30883, 64666, 0.001000
quickSort, 2900, 20050, 36514, 0.000000
selectSort, 2900, 2899, 4203550, 0.009000
insertionSort, 2900, 2107566, 2104667, 0.005000
heapSort, 2900, 30873, 64646, 0.001000
quickSort, 2900, 19776, 38910, 0.000000
selectSort, 2900, 2899, 4203550, 0.009000
insertionSort, 2900, 2083906, 2081007, 0.006000
heapSort, 2900, 30853, 64606, 0.001000
quickSort, 2900, 21019, 34963, 0.000000
selectSort, 2900, 2899, 4203550, 0.009000
insertionSort, 2900, 2134180, 2131281, 0.006000
heapSort, 2900, 30807, 64514, 0.000000
quickSort, 2900, 21469, 38412, 0.000000
selectSort, 2900, 2899, 4203550, 0.009000
insertionSort, 2900, 2090510, 2087611, 0.006000
heapSort, 2900, 30893, 64686, 0.000000
quickSort, 2900, 21789, 38200, 0.001000
selectSort, 2900, 2899, 4203550, 0.009000
insertionSort, 2900, 2084635, 2081736, 0.005000
heapSort, 2900, 30880, 64660, 0.001000
quickSort, 2900, 18973, 36200, 0.000000
selectSort, 2900, 2899, 4203550, 0.009000
insertionSort, 2900, 2156841, 2153942, 0.006000
heapSort, 2900, 30860, 64620, 0.000000
quickSort, 2900, 19656, 37966, 0.001000
selectSort, 2900, 2899, 4203550, 0.009000
insertionSort, 2900, 2105664, 2102765, 0.005000
heapSort, 2900, 30875, 64650, 0.001000
quickSort, 2900, 21672, 39644, 0.000000
selectSort, 2900, 2899, 4203550, 0.009000
insertionSort, 2900, 2152999, 2150100, 0.006000
heapSort, 2900, 30850, 64600, 0.000000
quickSort, 2900, 20863, 37352, 0.000000
selectSort, 3000, 2999, 4498500, 0.010000
insertionSort, 3000, 2308802, 2305803, 0.006000
heapSort, 3000, 32035, 67070, 0.000000
quickSort, 3000, 21431, 38764, 0.001000
selectSort, 3000, 2999, 4498500, 0.009000
insertionSort, 3000, 2268827, 2265828, 0.006000
heapSort, 3000, 32064, 67128, 0.001000
quickSort, 3000, 21448, 37721, 0.000000
selectSort, 3000, 2999, 4498500, 0.010000
insertionSort, 3000, 2226409, 2223410, 0.005000
heapSort, 3000, 32124, 67248, 0.001000
quickSort, 3000, 21743, 37569, 0.000000
selectSort, 3000, 2999, 4498500, 0.010000
insertionSort, 3000, 2242948, 2239949, 0.005000
heapSort, 3000, 32139, 67278, 0.001000
quickSort, 3000, 19221, 36687, 0.000000
selectSort, 3000, 2999, 4498500, 0.010000
insertionSort, 3000, 2278949, 2275950, 0.006000
heapSort, 3000, 32090, 67180, 0.000000
quickSort, 3000, 22852, 40991, 0.000000
selectSort, 3000, 2999, 4498500, 0.010000
insertionSort, 3000, 2232359, 2229360, 0.005000
heapSort, 3000, 32102, 67204, 0.001000
quickSort, 3000, 24879, 39978, 0.000000
selectSort, 3000, 2999, 4498500, 0.010000
insertionSort, 3000, 2281818, 2278819, 0.006000
heapSort, 3000, 32121, 67242, 0.000000
quickSort, 3000, 21804, 37881, 0.000000
selectSort, 3000, 2999, 4498500, 0.010000
insertionSort, 3000, 2245067, 2242068, 0.006000
heapSort, 3000, 32076, 67152, 0.000000
quickSort, 3000, 19953, 38260, 0.000000
selectSort, 3000, 2999, 4498500, 0.010000
insertionSort, 3000, 2271316, 2268317, 0.007000
heapSort, 3000, 31933, 66866, 0.000000
quickSort, 3000, 21088, 38156, 0.000000
selectSort, 3000, 2999, 4498500, 0.010000
insertionSort, 3000, 2278921, 2275922, 0.006000
heapSort, 3000, 32062, 67124, 0.000000
quickSort, 3000, 22121, 38310, 0.001000
selectSort, 3100, 3099, 4803450, 0.010000
insertionSort, 3100, 2405980, 2402881, 0.006000
heapSort, 3100, 33327, 69754, 0.001000
quickSort, 3100, 24404, 41023, 0.000000
selectSort, 3100, 3099, 4803450, 0.010000
insertionSort, 3100, 2431033, 2427934, 0.007000
heapSort, 3100, 33330, 69760, 0.000000
quickSort, 3100, 22889, 46200, 0.000000
selectSort, 3100, 3099, 4803450, 0.011000
insertionSort, 3100, 2408650, 2405551, 0.006000
heapSort, 3100, 33333, 69766, 0.001000
quickSort, 3100, 22678, 40342, 0.000000
selectSort, 3100, 3099, 4803450, 0.010000
insertionSort, 3100, 2377735, 2374636, 0.006000
heapSort, 3100, 33326, 69752, 0.001000
quickSort, 3100, 21917, 41297, 0.000000
selectSort, 3100, 3099, 4803450, 0.010000
insertionSort, 3100, 2393095, 2389996, 0.007000
heapSort, 3100, 33362, 69824, 0.000000
quickSort, 3100, 19605, 45310, 0.001000
selectSort, 3100, 3099, 4803450, 0.010000
insertionSort, 3100, 2438584, 2435485, 0.006000
heapSort, 3100, 33283, 69666, 0.001000
quickSort, 3100, 24017, 42519, 0.000000
selectSort, 3100, 3099, 4803450, 0.010000
insertionSort, 3100, 2387279, 2384180, 0.007000
heapSort, 3100, 33300, 69700, 0.000000
quickSort, 3100, 22113, 40968, 0.001000
selectSort, 3100, 3099, 4803450, 0.010000
insertionSort, 3100, 2410806, 2407707, 0.006000
heapSort, 3100, 33277, 69654, 0.001000
quickSort, 3100, 20907, 39812, 0.000000
selectSort, 3100, 3099, 4803450, 0.011000
insertionSort, 3100, 2378823, 2375724, 0.006000
heapSort, 3100, 33336, 69772, 0.000000
quickSort, 3100, 23021, 44924, 0.001000
selectSort, 3100, 3099, 4803450, 0.010000
insertionSort, 3100, 2453275, 2450176, 0.007000
heapSort, 3100, 33214, 69528, 0.000000
quickSort, 3100, 21042, 40424, 0.001000
selectSort, 3200, 3199, 5118400, 0.011000
insertionSort, 3200, 2537332, 2534133, 0.006000
heapSort, 3200, 34519, 72238, 0.001000
quickSort, 3200, 21292, 40240, 0.000000
selectSort, 3200, 3199, 5118400, 0.011000
insertionSort, 3200, 2576036, 2572837, 0.007000
heapSort, 3200, 34427, 72054, 0.001000
quickSort, 3200, 24667, 41989, 0.000000
selectSort, 3200, 3199, 5118400, 0.011000
insertionSort, 3200, 2586919, 2583720, 0.007000
heapSort, 3200, 34484, 72168, 0.000000
quickSort, 3200, 22471, 40308, 0.001000
selectSort, 3200, 3199, 5118400, 0.011000
insertionSort, 3200, 2550664, 2547465, 0.006000
heapSort, 3200, 34549, 72298, 0.001000
quickSort, 3200, 22137, 40054, 0.000000
selectSort, 3200, 3199, 5118400, 0.011000
insertionSort, 3200, 2543581, 2540382, 0.007000
heapSort, 3200, 34414, 72028, 0.000000
quickSort, 3200, 28073, 45183, 0.001000
selectSort, 3200, 3199, 5118400, 0.011000
insertionSort, 3200, 2550767, 2547568, 0.006000
heapSort, 3200, 34470, 72140, 0.001000
quickSort, 3200, 21677, 44050, 0.000000
selectSort, 3200, 3199, 5118400, 0.011000
insertionSort, 3200, 2604954, 2601755, 0.007000
heapSort, 3200, 34471, 72142, 0.000000
quickSort, 3200, 25595, 41391, 0.001000
selectSort, 3200, 3199, 5118400, 0.010000
insertionSort, 3200, 2556200, 2553001, 0.007000
heapSort, 3200, 34477, 72154, 0.001000
quickSort, 3200, 23902, 44697, 0.000000
selectSort, 3200, 3199, 5118400, 0.011000
insertionSort, 3200, 2575633, 2572434, 0.007000
heapSort, 3200, 34464, 72128, 0.000000
quickSort, 3200, 21159, 43364, 0.001000
selectSort, 3200, 3199, 5118400, 0.011000
insertionSort, 3200, 2528518, 2525319, 0.006000
heapSort, 3200, 34535, 72270, 0.001000
quickSort, 3200, 23293, 42758, 0.000000
selectSort, 3300, 3299, 5443350, 0.012000
insertionSort, 3300, 2745551, 2742252, 0.007000
heapSort, 3300, 35790, 74880, 0.000000
quickSort, 3300, 24883, 43308, 0.000000
selectSort, 3300, 3299, 5443350, 0.011000
insertionSort, 3300, 2722093, 2718794, 0.007000
heapSort, 3300, 35774, 74848, 0.001000
quickSort, 3300, 22596, 41298, 0.000000
selectSort, 3300, 3299, 5443350, 0.011000
insertionSort, 3300, 2745924, 2742625, 0.006000
heapSort, 3300, 35683, 74666, 0.001000
quickSort, 3300, 26621, 46390, 0.000000
selectSort, 3300, 3299, 5443350, 0.012000
insertionSort, 3300, 2753015, 2749716, 0.007000
heapSort, 3300, 35740, 74780, 0.000000
quickSort, 3300, 25019, 48607, 0.001000
selectSort, 3300, 3299, 5443350, 0.011000
insertionSort, 3300, 2707464, 2704165, 0.007000
heapSort, 3300, 35767, 74834, 0.001000
quickSort, 3300, 22212, 41466, 0.000000
selectSort, 3300, 3299, 5443350, 0.012000
insertionSort, 3300, 2748874, 2745575, 0.007000
heapSort, 3300, 35679, 74658, 0.000000
quickSort, 3300, 23852, 44707, 0.001000
selectSort, 3300, 3299, 5443350, 0.011000
insertionSort, 3300, 2740035, 2736736, 0.007000
heapSort, 3300, 35768, 74836, 0.001000
quickSort, 3300, 28970, 48292, 0.000000
selectSort, 3300, 3299, 5443350, 0.011000
insertionSort, 3300, 2752246, 2748947, 0.008000
heapSort, 3300, 35707, 74714, 0.000000
quickSort, 3300, 26249, 47115, 0.000000
selectSort, 3300, 3299, 5443350, 0.012000
insertionSort, 3300, 2713369, 2710070, 0.007000
heapSort, 3300, 35722, 74744, 0.000000
quickSort, 3300, 22638, 40970, 0.001000
selectSort, 3300, 3299, 5443350, 0.011000
insertionSort, 3300, 2745959, 2742660, 0.007000
heapSort, 3300, 35690, 74680, 0.001000
quickSort, 3300, 27234, 46770, 0.000000
selectSort, 3400, 3399, 5778300, 0.013000
insertionSort, 3400, 2882515, 2879116, 0.007000
heapSort, 3400, 36922, 77244, 0.001000
quickSort, 3400, 24150, 44371, 0.000000
selectSort, 3400, 3399, 5778300, 0.013000
insertionSort, 3400, 2859220, 2855821, 0.007000
heapSort, 3400, 36881, 77162, 0.001000
quickSort, 3400, 28856, 53216, 0.000000
selectSort, 3400, 3399, 5778300, 0.013000
insertionSort, 3400, 2919809, 2916410, 0.007000
heapSort, 3400, 36996, 77392, 0.001000
quickSort, 3400, 30093, 47113, 0.000000
selectSort, 3400, 3399, 5778300, 0.012000
insertionSort, 3400, 2948540, 2945141, 0.008000
heapSort, 3400, 36919, 77238, 0.000000
quickSort, 3400, 23201, 42124, 0.001000
selectSort, 3400, 3399, 5778300, 0.012000
insertionSort, 3400, 2868970, 2865571, 0.007000
heapSort, 3400, 36969, 77338, 0.001000
quickSort, 3400, 25159, 43729, 0.000000
selectSort, 3400, 3399, 5778300, 0.012000
insertionSort, 3400, 2937692, 2934293, 0.008000
heapSort, 3400, 36947, 77294, 0.000000
quickSort, 3400, 24545, 45714, 0.001000
selectSort, 3400, 3399, 5778300, 0.012000
insertionSort, 3400, 2845864, 2842465, 0.007000
heapSort, 3400, 36995, 77390, 0.001000
quickSort, 3400, 27019, 48572, 0.000000
selectSort, 3400, 3399, 5778300, 0.013000
insertionSort, 3400, 2936564, 2933165, 0.008000
heapSort, 3400, 36919, 77238, 0.000000
quickSort, 3400, 25270, 45282, 0.001000
selectSort, 3400, 3399, 5778300, 0.012000
insertionSort, 3400, 2934143, 2930744, 0.008000
heapSort, 3400, 36974, 77348, 0.000000
quickSort, 3400, 22874, 47294, 0.001000
selectSort, 3400, 3399, 5778300, 0.012000
insertionSort, 3400, 2857596, 2854197, 0.007000
heapSort, 3400, 37025, 77450, 0.001000
quickSort, 3400, 25521, 48709, 0.000000
selectSort, 3500, 3499, 6123250, 0.013000
insertionSort, 3500, 3013505, 3010006, 0.008000
heapSort, 3500, 38246, 79992, 0.001000
quickSort, 3500, 26091, 47162, 0.000000
selectSort, 3500, 3499, 6123250, 0.013000
insertionSort, 3500, 3055513, 3052014, 0.008000
heapSort, 3500, 38130, 79760, 0.000000
quickSort, 3500, 24756, 48748, 0.001000
selectSort, 3500, 3499, 6123250, 0.012000
insertionSort, 3500, 2982255, 2978756, 0.009000
heapSort, 3500, 38188, 79876, 0.000000
quickSort, 3500, 25301, 47850, 0.001000
selectSort, 3500, 3499, 6123250, 0.012000
insertionSort, 3500, 3052726, 3049227, 0.008000
heapSort, 3500, 38137, 79774, 0.001000
quickSort, 3500, 23107, 44802, 0.000000
selectSort, 3500, 3499, 6123250, 0.012000
insertionSort, 3500, 3090707, 3087208, 0.008000
heapSort, 3500, 38100, 79700, 0.001000
quickSort, 3500, 29870, 53239, 0.000000
selectSort, 3500, 3499, 6123250, 0.013000
insertionSort, 3500, 3083617, 3080118, 0.008000
heapSort, 3500, 38176, 79852, 0.000000
quickSort, 3500, 25667, 44956, 0.001000
selectSort, 3500, 3499, 6123250, 0.013000
insertionSort, 3500, 3017719, 3014220, 0.008000
heapSort, 3500, 38198, 79896, 0.001000
quickSort, 3500, 28009, 50415, 0.000000
selectSort, 3500, 3499, 6123250, 0.013000
insertionSort, 3500, 3035269, 3031770, 0.008000
heapSort, 3500, 38146, 79792, 0.001000
quickSort, 3500, 29282, 50203, 0.000000
selectSort, 3500, 3499, 6123250, 0.014000
insertionSort, 3500, 3101283, 3097784, 0.009000
heapSort, 3500, 38190, 79880, 0.001000
quickSort, 3500, 25752, 45875, 0.001000
selectSort, 3500, 3499, 6123250, 0.013000
insertionSort, 3500, 3067740, 3064241, 0.009000
heapSort, 3500, 38139, 79778, 0.001000
quickSort, 3500, 27025, 46616, 0.000000
selectSort, 3600, 3599, 6478200, 0.014000
insertionSort, 3600, 3259451, 3255852, 0.009000
heapSort, 3600, 39430, 82460, 0.000000
quickSort, 3600, 25177, 51557, 0.001000
selectSort, 3600, 3599, 6478200, 0.014000
insertionSort, 3600, 3206850, 3203251, 0.008000
heapSort, 3600, 39447, 82494, 0.001000
quickSort, 3600, 26898, 45660, 0.000000
selectSort, 3600, 3599, 6478200, 0.014000
insertionSort, 3600, 3210199, 3206600, 0.008000
heapSort, 3600, 39450, 82500, 0.001000
quickSort, 3600, 27875, 46826, 0.000000
selectSort, 3600, 3599, 6478200, 0.014000
insertionSort, 3600, 3271186, 3267587, 0.009000
heapSort, 3600, 39329, 82258, 0.001000
quickSort, 3600, 27046, 48668, 0.000000
selectSort, 3600, 3599, 6478200, 0.014000
insertionSort, 3600, 3239672, 3236073, 0.008000
heapSort, 3600, 39323, 82246, 0.001000
quickSort, 3600, 26304, 58391, 0.000000
selectSort, 3600, 3599, 6478200, 0.014000
insertionSort, 3600, 3223624, 3220025, 0.009000
heapSort, 3600, 39447, 82494, 0.000000
quickSort, 3600, 26395, 49445, 0.000000
selectSort, 3600, 3599, 6478200, 0.014000
insertionSort, 3600, 3179224, 3175625, 0.008000
heapSort, 3600, 39461, 82522, 0.001000
quickSort, 3600, 31037, 53374, 0.000000
selectSort, 3600, 3599, 6478200, 0.014000
insertionSort, 3600, 3312439, 3308840, 0.009000
heapSort, 3600, 39346, 82292, 0.001000
quickSort, 3600, 26893, 47146, 0.000000
selectSort, 3600, 3599, 6478200, 0.014000
insertionSort, 3600, 3256411, 3252812, 0.009000
heapSort, 3600, 39382, 82364, 0.000000
quickSort, 3600, 28374, 48448, 0.000000
selectSort, 3600, 3599, 6478200, 0.014000
insertionSort, 3600, 3276623, 3273024, 0.009000
heapSort, 3600, 39376, 82352, 0.001000
quickSort, 3600, 25019, 46676, 0.000000
selectSort, 3700, 3699, 6843150, 0.015000
insertionSort, 3700, 3461442, 3457743, 0.010000
heapSort, 3700, 40703, 85106, 0.000000
quickSort, 3700, 28524, 55414, 0.001000
selectSort, 3700, 3699, 6843150, 0.014000
insertionSort, 3700, 3383354, 3379655, 0.008000
heapSort, 3700, 40707, 85114, 0.001000
quickSort, 3700, 28215, 50941, 0.000000
selectSort, 3700, 3699, 6843150, 0.015000
insertionSort, 3700, 3373940, 3370241, 0.010000
heapSort, 3700, 40667, 85034, 0.000000
quickSort, 3700, 27476, 48510, 0.000000
selectSort, 3700, 3699, 6843150, 0.015000
insertionSort, 3700, 3480438, 3476739, 0.009000
heapSort, 3700, 40627, 84954, 0.000000
quickSort, 3700, 29475, 50502, 0.001000
selectSort, 3700, 3699, 6843150, 0.014000
insertionSort, 3700, 3474964, 3471265, 0.010000
heapSort, 3700, 40567, 84834, 0.000000
quickSort, 3700, 24414, 48005, 0.001000
selectSort, 3700, 3699, 6843150, 0.014000
insertionSort, 3700, 3336933, 3333234, 0.009000
heapSort, 3700, 40676, 85052, 0.001000
quickSort, 3700, 26743, 51585, 0.000000
selectSort, 3700, 3699, 6843150, 0.015000
insertionSort, 3700, 3392286, 3388587, 0.009000
heapSort, 3700, 40627, 84954, 0.000000
quickSort, 3700, 28863, 48549, 0.001000
selectSort, 3700, 3699, 6843150, 0.014000
insertionSort, 3700, 3443649, 3439950, 0.009000
heapSort, 3700, 40594, 84888, 0.001000
quickSort, 3700, 26529, 47498, 0.000000
selectSort, 3700, 3699, 6843150, 0.015000
insertionSort, 3700, 3432949, 3429250, 0.009000
heapSort, 3700, 40568, 84836, 0.001000
quickSort, 3700, 26183, 48413, 0.000000
selectSort, 3700, 3699, 6843150, 0.015000
insertionSort, 3700, 3431241, 3427542, 0.009000
heapSort, 3700, 40616, 84932, 0.000000
quickSort, 3700, 26808, 48069, 0.001000
selectSort, 3800, 3799, 7218100, 0.015000
insertionSort, 3800, 3671401, 3667602, 0.010000
heapSort, 3800, 41850, 87500, 0.001000
quickSort, 3800, 27673, 47840, 0.000000
selectSort, 3800, 3799, 7218100, 0.015000
insertionSort, 3800, 3597757, 3593958, 0.010000
heapSort, 3800, 41860, 87520, 0.000000
quickSort, 3800, 31324, 53846, 0.001000
selectSort, 3800, 3799, 7218100, 0.015000
insertionSort, 3800, 3604803, 3601004, 0.010000
heapSort, 3800, 41802, 87404, 0.000000
quickSort, 3800, 28832, 49782, 0.001000
selectSort, 3800, 3799, 7218100, 0.015000
insertionSort, 3800, 3632348, 3628549, 0.010000
heapSort, 3800, 41849, 87498, 0.000000
quickSort, 3800, 32123, 56055, 0.001000
selectSort, 3800, 3799, 7218100, 0.015000
insertionSort, 3800, 3699323, 3695524, 0.010000
heapSort, 3800, 41858, 87516, 0.001000
quickSort, 3800, 26815, 48742, 0.000000
selectSort, 3800, 3799, 7218100, 0.016000
insertionSort, 3800, 3598607, 3594808, 0.009000
heapSort, 3800, 41840, 87480, 0.001000
quickSort, 3800, 26881, 51311, 0.000000
selectSort, 3800, 3799, 7218100, 0.016000
insertionSort, 3800, 3559319, 3555520, 0.009000
heapSort, 3800, 41916, 87632, 0.001000
quickSort, 3800, 25975, 48933, 0.000000
selectSort, 3800, 3799, 7218100, 0.015000
insertionSort, 3800, 3628778, 3624979, 0.010000
heapSort, 3800, 41829, 87458, 0.001000
quickSort, 3800, 28397, 56076, 0.000000
selectSort, 3800, 3799, 7218100, 0.015000
insertionSort, 3800, 3618292, 3614493, 0.010000
heapSort, 3800, 41841, 87482, 0.001000
quickSort, 3800, 24475, 49054, 0.000000
selectSort, 3800, 3799, 7218100, 0.015000
insertionSort, 3800, 3602619, 3598820, 0.010000
heapSort, 3800, 41824, 87448, 0.001000
quickSort, 3800, 27542, 50810, 0.000000
selectSort, 3900, 3899, 7603050, 0.016000
insertionSort, 3900, 3828463, 3824564, 0.011000
heapSort, 3900, 43080, 90060, 0.000000
quickSort, 3900, 26600, 51047, 0.001000
selectSort, 3900, 3899, 7603050, 0.016000
insertionSort, 3900, 3809295, 3805396, 0.010000
heapSort, 3900, 43040, 89980, 0.001000
quickSort, 3900, 32889, 60505, 0.000000
selectSort, 3900, 3899, 7603050, 0.016000
insertionSort, 3900, 3826288, 3822389, 0.011000
heapSort, 3900, 43037, 89974, 0.000000
quickSort, 3900, 26767, 49547, 0.001000
selectSort, 3900, 3899, 7603050, 0.016000
insertionSort, 3900, 3816010, 3812111, 0.010000
heapSort, 3900, 43083, 90066, 0.001000
quickSort, 3900, 29045, 49779, 0.000000
selectSort, 3900, 3899, 7603050, 0.016000
insertionSort, 3900, 3833722, 3829823, 0.010000
heapSort, 3900, 43107, 90114, 0.001000
quickSort, 3900, 29172, 51875, 0.000000
selectSort, 3900, 3899, 7603050, 0.017000
insertionSort, 3900, 3785365, 3781466, 0.010000
heapSort, 3900, 43124, 90148, 0.000000
quickSort, 3900, 29007, 49527, 0.001000
selectSort, 3900, 3899, 7603050, 0.016000
insertionSort, 3900, 3717891, 3713992, 0.010000
heapSort, 3900, 43130, 90160, 0.001000
quickSort, 3900, 26542, 54387, 0.000000
selectSort, 3900, 3899, 7603050, 0.016000
insertionSort, 3900, 3788293, 3784394, 0.010000
heapSort, 3900, 43046, 89992, 0.001000
quickSort, 3900, 30637, 53023, 0.000000
selectSort, 3900, 3899, 7603050, 0.016000
insertionSort, 3900, 3721254, 3717355, 0.010000
heapSort, 3900, 43169, 90238, 0.001000
quickSort, 3900, 27652, 51867, 0.000000
selectSort, 3900, 3899, 7603050, 0.016000
insertionSort, 3900, 3869912, 3866013, 0.011000
heapSort, 3900, 43075, 90050, 0.000000
quickSort, 3900, 30746, 53695, 0.001000
selectSort, 4000, 3999, 7998000, 0.017000
insertionSort, 4000, 3971517, 3967518, 0.010000
heapSort, 4000, 44360, 92720, 0.001000
quickSort, 4000, 30400, 56481, 0.001000
selectSort, 4000, 3999, 7998000, 0.017000
insertionSort, 4000, 3998824, 3994825, 0.010000
heapSort, 4000, 44353, 92706, 0.001000
quickSort, 4000, 29032, 56150, 0.000000
selectSort, 4000, 3999, 7998000, 0.017000
insertionSort, 4000, 4067536, 4063537, 0.011000
heapSort, 4000, 44343, 92686, 0.001000
quickSort, 4000, 29018, 54467, 0.000000
selectSort, 4000, 3999, 7998000, 0.017000
insertionSort, 4000, 3892281, 3888282, 0.010000
heapSort, 4000, 44336, 92672, 0.000000
quickSort, 4000, 31327, 56158, 0.001000
selectSort, 4000, 3999, 7998000, 0.017000
insertionSort, 4000, 4049815, 4045816, 0.011000
heapSort, 4000, 44304, 92608, 0.000000
quickSort, 4000, 31005, 57028, 0.001000
selectSort, 4000, 3999, 7998000, 0.017000
insertionSort, 4000, 3973112, 3969113, 0.010000
heapSort, 4000, 44373, 92746, 0.000000
quickSort, 4000, 29309, 53862, 0.001000
selectSort, 4000, 3999, 7998000, 0.017000
insertionSort, 4000, 3993569, 3989570, 0.010000
heapSort, 4000, 44366, 92732, 0.001000
quickSort, 4000, 27443, 51460, 0.000000
selectSort, 4000, 3999, 7998000, 0.016000
insertionSort, 4000, 3967173, 3963174, 0.010000
heapSort, 4000, 44354, 92708, 0.001000
quickSort, 4000, 32278, 59324, 0.000000
selectSort, 4000, 3999, 7998000, 0.017000
insertionSort, 4000, 4120762, 4116763, 0.011000
heapSort, 4000, 44229, 92458, 0.001000
quickSort, 4000, 27353, 56374, 0.000000
selectSort, 4000, 3999, 7998000, 0.017000
insertionSort, 4000, 3967535, 3963536, 0.010000
heapSort, 4000, 44282, 92564, 0.001000
quickSort, 4000, 28735, 52512, 0.000000
selectSort, 4100, 4099, 8402950, 0.018000
insertionSort, 4100, 4199261, 4195162, 0.011000
heapSort, 4100, 45606, 95312, 0.001000
quickSort, 4100, 32770, 54070, 0.000000
selectSort, 4100, 4099, 8402950, 0.017000
insertionSort, 4100, 4188033, 4183934, 0.011000
heapSort, 4100, 45508, 95116, 0.001000
quickSort, 4100, 35570, 63179, 0.000000
selectSort, 4100, 4099, 8402950, 0.018000
insertionSort, 4100, 4233692, 4229593, 0.011000
heapSort, 4100, 45547, 95194, 0.001000
quickSort, 4100, 29293, 56062, 0.000000
selectSort, 4100, 4099, 8402950, 0.018000
insertionSort, 4100, 4175552, 4171453, 0.011000
heapSort, 4100, 45537, 95174, 0.001000
quickSort, 4100, 33952, 57677, 0.000000
selectSort, 4100, 4099, 8402950, 0.019000
insertionSort, 4100, 4192650, 4188551, 0.011000
heapSort, 4100, 45565, 95230, 0.001000
quickSort, 4100, 29324, 55077, 0.000000
selectSort, 4100, 4099, 8402950, 0.018000
insertionSort, 4100, 4186823, 4182724, 0.011000
heapSort, 4100, 45520, 95140, 0.001000
quickSort, 4100, 33158, 56680, 0.000000
selectSort, 4100, 4099, 8402950, 0.018000
insertionSort, 4100, 4189566, 4185467, 0.011000
heapSort, 4100, 45565, 95230, 0.001000
quickSort, 4100, 27308, 55218, 0.000000
selectSort, 4100, 4099, 8402950, 0.018000
insertionSort, 4100, 4188036, 4183937, 0.011000
heapSort, 4100, 45571, 95242, 0.001000
quickSort, 4100, 28492, 61395, 0.000000
selectSort, 4100, 4099, 8402950, 0.019000
insertionSort, 4100, 4161771, 4157672, 0.011000
heapSort, 4100, 45586, 95272, 0.000000
quickSort, 4100, 30385, 54805, 0.001000
selectSort, 4100, 4099, 8402950, 0.018000
insertionSort, 4100, 4214475, 4210376, 0.011000
heapSort, 4100, 45540, 95180, 0.001000
quickSort, 4100, 30550, 55219, 0.000000
selectSort, 4200, 4199, 8817900, 0.019000
insertionSort, 4200, 4472931, 4468732, 0.012000
heapSort, 4200, 46726, 97652, 0.001000
quickSort, 4200, 31395, 56929, 0.000000
selectSort, 4200, 4199, 8817900, 0.019000
insertionSort, 4200, 4368084, 4363885, 0.011000
heapSort, 4200, 46831, 97862, 0.001000
quickSort, 4200, 31481, 55248, 0.001000
selectSort, 4200, 4199, 8817900, 0.018000
insertionSort, 4200, 4417701, 4413502, 0.012000
heapSort, 4200, 46858, 97916, 0.001000
quickSort, 4200, 30452, 59593, 0.000000
selectSort, 4200, 4199, 8817900, 0.019000
insertionSort, 4200, 4338141, 4333942, 0.011000
heapSort, 4200, 46854, 97908, 0.001000
quickSort, 4200, 31789, 58392, 0.001000
selectSort, 4200, 4199, 8817900, 0.018000
insertionSort, 4200, 4387457, 4383258, 0.012000
heapSort, 4200, 46852, 97904, 0.001000
quickSort, 4200, 29925, 54922, 0.000000
selectSort, 4200, 4199, 8817900, 0.019000
insertionSort, 4200, 4449505, 4445306, 0.011000
heapSort, 4200, 46798, 97796, 0.001000
quickSort, 4200, 30983, 59191, 0.000000
selectSort, 4200, 4199, 8817900, 0.019000
insertionSort, 4200, 4383942, 4379743, 0.012000
heapSort, 4200, 46915, 98030, 0.001000
quickSort, 4200, 32684, 59927, 0.000000
selectSort, 4200, 4199, 8817900, 0.019000
insertionSort, 4200, 4372267, 4368068, 0.011000
heapSort, 4200, 46786, 97772, 0.001000
quickSort, 4200, 31550, 60591, 0.001000
selectSort, 4200, 4199, 8817900, 0.017000
insertionSort, 4200, 4471410, 4467211, 0.012000
heapSort, 4200, 46787, 97774, 0.001000
quickSort, 4200, 31179, 56717, 0.000000
selectSort, 4200, 4199, 8817900, 0.019000
insertionSort, 4200, 4371400, 4367201, 0.011000
heapSort, 4200, 46849, 97898, 0.001000
quickSort, 4200, 31946, 56717, 0.000000
selectSort, 4300, 4299, 9242850, 0.020000
insertionSort, 4300, 4616723, 4612424, 0.012000
heapSort, 4300, 48134, 100568, 0.001000
quickSort, 4300, 29156, 56720, 0.000000
selectSort, 4300, 4299, 9242850, 0.020000
insertionSort, 4300, 4639691, 4635392, 0.012000
heapSort, 4300, 48076, 100452, 0.000000
quickSort, 4300, 31507, 58078, 0.001000
selectSort, 4300, 4299, 9242850, 0.020000
insertionSort, 4300, 4603628, 4599329, 0.012000
heapSort, 4300, 48109, 100518, 0.001000
quickSort, 4300, 30855, 59981, 0.000000
selectSort, 4300, 4299, 9242850, 0.020000
insertionSort, 4300, 4618289, 4613990, 0.012000
heapSort, 4300, 48106, 100512, 0.000000
quickSort, 4300, 31897, 56615, 0.001000
selectSort, 4300, 4299, 9242850, 0.019000
insertionSort, 4300, 4598625, 4594326, 0.012000
heapSort, 4300, 48022, 100344, 0.001000
quickSort, 4300, 40104, 62122, 0.001000
selectSort, 4300, 4299, 9242850, 0.020000
insertionSort, 4300, 4653006, 4648707, 0.012000
heapSort, 4300, 47977, 100254, 0.001000
quickSort, 4300, 32412, 62634, 0.000000
selectSort, 4300, 4299, 9242850, 0.020000
insertionSort, 4300, 4600362, 4596063, 0.012000
heapSort, 4300, 48121, 100542, 0.001000
quickSort, 4300, 31434, 57271, 0.000000
selectSort, 4300, 4299, 9242850, 0.020000
insertionSort, 4300, 4642396, 4638097, 0.012000
heapSort, 4300, 48093, 100486, 0.001000
quickSort, 4300, 29239, 56704, 0.000000
selectSort, 4300, 4299, 9242850, 0.020000
insertionSort, 4300, 4604402, 4600103, 0.012000
heapSort, 4300, 48113, 100526, 0.001000
quickSort, 4300, 31440, 61829, 0.001000
selectSort, 4300, 4299, 9242850, 0.019000
insertionSort, 4300, 4629406, 4625107, 0.013000
heapSort, 4300, 48085, 100470, 0.000000
quickSort, 4300, 31234, 57654, 0.001000
selectSort, 4400, 4399, 9677800, 0.019000
insertionSort, 4400, 4841414, 4837015, 0.013000
heapSort, 4400, 49319, 103038, 0.001000
quickSort, 4400, 36945, 64852, 0.000000
selectSort, 4400, 4399, 9677800, 0.021000
insertionSort, 4400, 4806768, 4802369, 0.013000
heapSort, 4400, 49411, 103222, 0.000000
quickSort, 4400, 33771, 61608, 0.001000
selectSort, 4400, 4399, 9677800, 0.021000
insertionSort, 4400, 4815957, 4811558, 0.012000
heapSort, 4400, 49390, 103180, 0.001000
quickSort, 4400, 34747, 63587, 0.001000
selectSort, 4400, 4399, 9677800, 0.020000
insertionSort, 4400, 4877250, 4872851, 0.013000
heapSort, 4400, 49401, 103202, 0.001000
quickSort, 4400, 40070, 64983, 0.000000
selectSort, 4400, 4399, 9677800, 0.021000
insertionSort, 4400, 4851990, 4847591, 0.013000
heapSort, 4400, 49357, 103114, 0.001000
quickSort, 4400, 31300, 60384, 0.000000
selectSort, 4400, 4399, 9677800, 0.021000
insertionSort, 4400, 4789723, 4785324, 0.012000
heapSort, 4400, 49428, 103256, 0.001000
quickSort, 4400, 34935, 61923, 0.000000
selectSort, 4400, 4399, 9677800, 0.021000
insertionSort, 4400, 4807321, 4802922, 0.013000
heapSort, 4400, 49350, 103100, 0.000000
quickSort, 4400, 35830, 59761, 0.001000
selectSort, 4400, 4399, 9677800, 0.021000
insertionSort, 4400, 4920049, 4915650, 0.012000
heapSort, 4400, 49314, 103028, 0.001000
quickSort, 4400, 33747, 60686, 0.001000
selectSort, 4400, 4399, 9677800, 0.020000
insertionSort, 4400, 4967758, 4963359, 0.013000
heapSort, 4400, 49409, 103218, 0.001000
quickSort, 4400, 32983, 61895, 0.001000
selectSort, 4400, 4399, 9677800, 0.020000
insertionSort, 4400, 4730161, 4725762, 0.013000
heapSort, 4400, 49474, 103348, 0.001000
quickSort, 4400, 31449, 59340, 0.000000
selectSort, 4500, 4499, 10122750, 0.022000
insertionSort, 4500, 5102059, 5097560, 0.013000
heapSort, 4500, 50710, 105920, 0.001000
quickSort, 4500, 32981, 59542, 0.000000
selectSort, 4500, 4499, 10122750, 0.021000
insertionSort, 4500, 4991668, 4987169, 0.013000
heapSort, 4500, 50679, 105858, 0.001000
quickSort, 4500, 33693, 66049, 0.000000
selectSort, 4500, 4499, 10122750, 0.022000
insertionSort, 4500, 5032412, 5027913, 0.014000
heapSort, 4500, 50687, 105874, 0.000000
quickSort, 4500, 29723, 58991, 0.001000
selectSort, 4500, 4499, 10122750, 0.021000
insertionSort, 4500, 5092701, 5088202, 0.013000
heapSort, 4500, 50648, 105796, 0.001000
quickSort, 4500, 40564, 64174, 0.001000
selectSort, 4500, 4499, 10122750, 0.021000
insertionSort, 4500, 5121347, 5116848, 0.013000
heapSort, 4500, 50628, 105756, 0.001000
quickSort, 4500, 33562, 62684, 0.000000
selectSort, 4500, 4499, 10122750, 0.022000
insertionSort, 4500, 5107845, 5103346, 0.013000
heapSort, 4500, 50626, 105752, 0.001000
quickSort, 4500, 36439, 60388, 0.000000
selectSort, 4500, 4499, 10122750, 0.022000
insertionSort, 4500, 5146664, 5142165, 0.014000
heapSort, 4500, 50561, 105622, 0.000000
quickSort, 4500, 36610, 61775, 0.001000
selectSort, 4500, 4499, 10122750, 0.021000
insertionSort, 4500, 5111138, 5106639, 0.013000
heapSort, 4500, 50665, 105830, 0.001000
quickSort, 4500, 35103, 60739, 0.001000
selectSort, 4500, 4499, 10122750, 0.020000
insertionSort, 4500, 5100259, 5095760, 0.013000
heapSort, 4500, 50602, 105704, 0.001000
quickSort, 4500, 35404, 63342, 0.000000
selectSort, 4500, 4499, 10122750, 0.022000
insertionSort, 4500, 5058404, 5053905, 0.013000
heapSort, 4500, 50605, 105710, 0.001000
quickSort, 4500, 32900, 57395, 0.001000
selectSort, 4600, 4599, 10577700, 0.022000
insertionSort, 4600, 5247622, 5243023, 0.013000
heapSort, 4600, 51973, 108546, 0.001000
quickSort, 4600, 37387, 67105, 0.001000
selectSort, 4600, 4599, 10577700, 0.022000
insertionSort, 4600, 5275590, 5270991, 0.013000
heapSort, 4600, 52007, 108614, 0.001000
quickSort, 4600, 32923, 62272, 0.001000
selectSort, 4600, 4599, 10577700, 0.022000
insertionSort, 4600, 5255906, 5251307, 0.013000
heapSort, 4600, 51891, 108382, 0.001000
quickSort, 4600, 35204, 67231, 0.001000
selectSort, 4600, 4599, 10577700, 0.022000
insertionSort, 4600, 5184996, 5180397, 0.013000
heapSort, 4600, 51975, 108550, 0.001000
quickSort, 4600, 35443, 66206, 0.000000
selectSort, 4600, 4599, 10577700, 0.022000
insertionSort, 4600, 5267186, 5262587, 0.015000
heapSort, 4600, 51911, 108422, 0.000000
quickSort, 4600, 37998, 66396, 0.001000
selectSort, 4600, 4599, 10577700, 0.022000
insertionSort, 4600, 5399709, 5395110, 0.014000
heapSort, 4600, 51898, 108396, 0.001000
quickSort, 4600, 33507, 65418, 0.001000
selectSort, 4600, 4599, 10577700, 0.022000
insertionSort, 4600, 5329697, 5325098, 0.014000
heapSort, 4600, 51914, 108428, 0.001000
quickSort, 4600, 33314, 63416, 0.000000
selectSort, 4600, 4599, 10577700, 0.023000
insertionSort, 4600, 5287541, 5282942, 0.013000
heapSort, 4600, 51956, 108512, 0.000000
quickSort, 4600, 38935, 64530, 0.001000
selectSort, 4600, 4599, 10577700, 0.022000
